{
    "Molecule": {
        "Atoms": [
            {
                "BasisFunctions": [
                    {
                        "Coefficients": [
                            0.0006064549173756819,
                            0.004697908819659421,
                            0.024332477561227223,
                            0.09739996829941074,
                            0.3019558425015644,
                            0.6623360914681005
                        ],
                        "Exponents": [
                            13575.349682,
                            2035.233368,
                            463.22562359,
                            131.20019598,
                            42.853015891,
                            15.584185766
                        ],
                        "Shell": "s"
                    },
                    {
                        "Coefficients": [
                            0.6559530853616673,
                            0.37585633289073833
                        ],
                        "Exponents": [
                            6.2067138508,
                            2.5764896527
                        ],
                        "Shell": "s"
                    },
                    {
                        "Coefficients": [
                            1.0
                        ],
                        "Exponents": [
                            0.5769633942
                        ],
                        "Shell": "s"
                    },
                    {
                        "Coefficients": [
                            1.0
                        ],
                        "Exponents": [
                            0.2297283136
                        ],
                        "Shell": "s"
                    },
                    {
                        "Coefficients": [
                            1.0
                        ],
                        "Exponents": [
                            0.09516444
                        ],
                        "Shell": "s"
                    },
                    {
                        "Coefficients": [
                            0.011327220043053468,
                            0.07616965920915762,
                            0.30192252200868214,
                            0.7278502735068719
                        ],
                        "Exponents": [
                            34.697232244,
                            7.9582622826,
                            2.3780826883,
                            0.8143320818
                        ],
                        "Shell": "p"
                    },
                    {
                        "Coefficients": [
                            1.0000000000000002
                        ],
                        "Exponents": [
                            0.2888754725
                        ],
                        "Shell": "p"
                    },
                    {
                        "Coefficients": [
                            0.9999999999999998
                        ],
                        "Exponents": [
                            0.1005682367
                        ],
                        "Shell": "p"
                    },
                    {
                        "Coefficients": [
                            1.0000000000000002
                        ],
                        "Exponents": [
                            1.097
                        ],
                        "Shell": "d"
                    },
                    {
                        "Coefficients": [
                            1.0000000000000002
                        ],
                        "Exponents": [
                            0.318
                        ],
                        "Shell": "d"
                    },
                    {
                        "Coefficients": [
                            0.9999999999999997
                        ],
                        "Exponents": [
                            0.761
                        ],
                        "Shell": "f"
                    }
                ],
                "Coords": [
                    -1.3749998951797484,
                    0.410714219549704,
                    2.6040709043697745e-11
                ],
                "ElementLabel": "C",
                "ElementNumber": 6,
                "Idx": 0,
                "NuclearCharge": 6.0
            },
            {
                "BasisFunctions": [
                    {
                        "Coefficients": [
                            0.025439307208878596,
                            0.19008594890375233,
                            0.8524411301104233
                        ],
                        "Exponents": [
                            34.061341,
                            5.1235746,
                            1.1646626
                        ],
                        "Shell": "s"
                    },
                    {
                        "Coefficients": [
                            1.0000000000000002
                        ],
                        "Exponents": [
                            0.32723041
                        ],
                        "Shell": "s"
                    },
                    {
                        "Coefficients": [
                            1.0000000000000002
                        ],
                        "Exponents": [
                            0.10307241
                        ],
                        "Shell": "s"
                    },
                    {
                        "Coefficients": [
                            1.0
                        ],
                        "Exponents": [
                            0.8
                        ],
                        "Shell": "p"
                    }
                ],
                "Coords": [
                    -1.0140902453073841,
                    -0.6101322213149549,
                    1.6261489031849462e-11
                ],
                "ElementLabel": "H",
                "ElementNumber": 1,
                "Idx": 1,
                "NuclearCharge": 1.0
            },
            {
                "BasisFunctions": [
                    {
                        "Coefficients": [
                            0.025439307208878596,
                            0.19008594890375233,
                            0.8524411301104233
                        ],
                        "Exponents": [
                            34.061341,
                            5.1235746,
                            1.1646626
                        ],
                        "Shell": "s"
                    },
                    {
                        "Coefficients": [
                            1.0000000000000002
                        ],
                        "Exponents": [
                            0.32723041
                        ],
                        "Shell": "s"
                    },
                    {
                        "Coefficients": [
                            1.0000000000000002
                        ],
                        "Exponents": [
                            0.10307241
                        ],
                        "Shell": "s"
                    },
                    {
                        "Coefficients": [
                            1.0
                        ],
                        "Exponents": [
                            0.8
                        ],
                        "Shell": "p"
                    }
                ],
                "Coords": [
                    -1.0140714704141818,
                    0.9211307153718964,
                    0.8840751584726193
                ],
                "ElementLabel": "H",
                "ElementNumber": 1,
                "Idx": 2,
                "NuclearCharge": 1.0
            },
            {
                "BasisFunctions": [
                    {
                        "Coefficients": [
                            0.025439307208878596,
                            0.19008594890375233,
                            0.8524411301104233
                        ],
                        "Exponents": [
                            34.061341,
                            5.1235746,
                            1.1646626
                        ],
                        "Shell": "s"
                    },
                    {
                        "Coefficients": [
                            1.0000000000000002
                        ],
                        "Exponents": [
                            0.32723041
                        ],
                        "Shell": "s"
                    },
                    {
                        "Coefficients": [
                            1.0000000000000002
                        ],
                        "Exponents": [
                            0.10307241
                        ],
                        "Shell": "s"
                    },
                    {
                        "Coefficients": [
                            1.0
                        ],
                        "Exponents": [
                            0.8
                        ],
                        "Shell": "p"
                    }
                ],
                "Coords": [
                    -1.0140714704280769,
                    0.9211307154064253,
                    -0.8840751584999017
                ],
                "ElementLabel": "H",
                "ElementNumber": 1,
                "Idx": 3,
                "NuclearCharge": 1.0
            },
            {
                "BasisFunctions": [
                    {
                        "Coefficients": [
                            0.025439307208878596,
                            0.19008594890375233,
                            0.8524411301104233
                        ],
                        "Exponents": [
                            34.061341,
                            5.1235746,
                            1.1646626
                        ],
                        "Shell": "s"
                    },
                    {
                        "Coefficients": [
                            1.0000000000000002
                        ],
                        "Exponents": [
                            0.32723041
                        ],
                        "Shell": "s"
                    },
                    {
                        "Coefficients": [
                            1.0000000000000002
                        ],
                        "Exponents": [
                            0.10307241
                        ],
                        "Shell": "s"
                    },
                    {
                        "Coefficients": [
                            1.0
                        ],
                        "Exponents": [
                            0.8
                        ],
                        "Shell": "p"
                    }
                ],
                "Coords": [
                    -2.4577663586706087,
                    0.41072753098692877,
                    -1.5019502599442756e-11
                ],
                "ElementLabel": "H",
                "ElementNumber": 1,
                "Idx": 4,
                "NuclearCharge": 1.0
            }
        ],
        "BaseName": "01_ch4_tzvp",
        "Charge": 0,
        "CoordinateUnits": "Angs",
        "H-Matrix": [
            [
                -15.387268600596755,
                -17.86131985915481,
                -6.042634006170347,
                -3.177522048020603,
                -1.6720527469568611,
                -3.309297086891311e-13,
                -1.7332846352852293e-10,
                6.60242515861528e-10,
                -4.2280368528495976e-14,
                -2.214364748136138e-11,
                8.435364598828262e-11,
                -1.1631681054920569e-14,
                -6.091979295555082e-12,
                2.3206520756261127e-11,
                -4.009498288937152e-11,
                -3.859869930288773e-14,
                -2.7636608880411793e-14,
                -3.1253111210105544e-11,
                2.439013962715584e-11,
                -5.410873138433914e-12,
                -5.208954921646582e-15,
                -3.729605973201672e-15,
                -4.217654003824123e-12,
                3.291486402483385e-12,
                -3.3301634848998366e-16,
                -8.379558739446409e-06,
                -1.185017550313187e-05,
                4.298906410000897e-16,
                -1.216003476187301e-15,
                -1.0817661613167533e-05,
                3.060127352723154e-06,
                -0.10005604684963273,
                -1.0824960536099308,
                -1.1565745271755223,
                -1.0254822413866294e-11,
                0.37827321237827277,
                -1.069959926724265,
                -0.10005605374436974,
                -1.0824960761454996,
                -1.1565745349197258,
                0.9266085476014286,
                0.3782929089943029,
                0.5349729413377344,
                -0.10005605368224359,
                -1.0824960759423883,
                -1.1565745348499268,
                -0.9266085472773151,
                0.3782929088134557,
                0.5349729411387685,
                -0.10005605305329396,
                -1.0824960738866287,
                -1.1565745341434777,
                -4.303968333324489e-11,
                -1.1348590056402006,
                1.3951868807272431e-05
            ],
            [
                -17.86131985915481,
                -16.094312471479242,
                -8.132578432915457,
                -4.670259484273581,
                -2.5563466256798746,
                -2.1542712235366785e-12,
                -1.1283118866908753e-09,
                4.2981400398150416e-09,
                -5.951506940519646e-13,
                -3.11848158250224e-10,
                1.1879379698262404e-09,
                -1.8327995685973983e-13,
                -9.608307776282024e-11,
                3.66014159707316e-10,
                -1.4859957708779348e-09,
                -1.4304852318698826e-12,
                -1.0241797127987913e-12,
                -1.1583034531525982e-09,
                9.03958395403803e-10,
                -3.592925401640912e-10,
                -3.4571194220392255e-13,
                -2.473911738816017e-13,
                -2.800540910286031e-10,
                2.1860272426393508e-10,
                -6.915708547691306e-14,
                -0.0017416342280979654,
                -0.002462978291252157,
                8.92747338193084e-14,
                -2.5252573280451955e-13,
                -0.002248377309553343,
                0.0006360266340678909,
                -0.26108242772360246,
                -1.6796943075212736,
                -1.7800075414493728,
                -1.6939554501988855e-11,
                0.6231682781513228,
                -1.7626547783259088,
                -0.26108244199148595,
                -1.6796943398195143,
                -1.7800075529167227,
                1.526497331129117,
                0.6232007221056628,
                0.8813158151512331,
                -0.26108244186116436,
                -1.679694339523411,
                -1.7800075528114374,
                -1.5264973306834602,
                0.623200721843813,
                0.8813158148743764,
                -0.2610824405586911,
                -1.67969433657442,
                -1.7800075517643281,
                -7.089125177027367e-11,
                -1.869569678728396,
                2.298446088477208e-05
            ],
            [
                -6.042634006170347,
                -8.132578432915457,
                -8.358481802230651,
                -6.4525796723315825,
                -4.206968824966332,
                -6.679595229999742e-12,
                -3.829869056569268e-09,
                1.4592456732932936e-08,
                -3.4447809155878486e-12,
                -3.610206921684326e-09,
                1.3769836140974938e-08,
                -6.350856516592398e-13,
                -1.690354434905408e-09,
                6.452154402581876e-09,
                -1.51507171253229e-08,
                -1.4206988863950747e-11,
                -9.870683383314613e-12,
                -1.1793155674233446e-08,
                9.305343142280761e-09,
                -1.2568522667066873e-08,
                -9.985081313936085e-12,
                -5.464354435789966e-12,
                -9.704508752150787e-09,
                8.142858137464873e-09,
                -2.3044651467340185e-12,
                -0.07147667430078739,
                -0.10108063730336825,
                2.9748235324508492e-12,
                -8.414690339913699e-12,
                -0.09227341239386633,
                0.02610253530255648,
                -1.1102429933499673,
                -2.833840305696105,
                -3.0256399557380886,
                -2.4458527613604057e-11,
                0.9050683410669941,
                -2.5600196529305044,
                -1.1102430212607703,
                -2.8338403411592203,
                -3.0256399698610323,
                2.2170325931997263,
                0.9051154468025411,
                1.279992997345147,
                -1.110243020980317,
                -2.833840340779631,
                -3.0256399697002294,
                -2.217032592865915,
                0.905115446551788,
                1.279992997124182,
                -1.110243018418888,
                -2.8338403375127834,
                -3.0256399683941217,
                -1.0162044318341178e-10,
                -2.7152991619681903,
                3.338281084402875e-05
            ],
            [
                -3.177522048020603,
                -4.670259484273581,
                -6.4525796723315825,
                -6.102013787683751,
                -4.705124071839388,
                -5.093114330899668e-12,
                -3.6148488464527164e-09,
                1.3779267575801304e-08,
                1.6483215824120138e-12,
                -5.604255782940093e-09,
                2.141053170548203e-08,
                4.656325079886801e-12,
                -3.5350543319901587e-09,
                1.3523501235169904e-08,
                -1.6456757734317762e-08,
                -1.481861439891141e-11,
                -9.79405904095647e-12,
                -1.2782970237878999e-08,
                1.0251673698827235e-08,
                -2.2432188107046613e-08,
                -1.4184626903501892e-11,
                -4.250902832930044e-12,
                -1.7161577492430524e-08,
                1.5388575528390306e-08,
                -2.829577346519333e-12,
                -0.11027504906028922,
                -0.15594838987319673,
                3.652691610643738e-12,
                -1.0332119315873344e-11,
                -0.14236050036972298,
                0.040271297020391277,
                -1.464136627556789,
                -3.091521217871252,
                -3.5061246931894132,
                -1.8605284384389114e-11,
                0.7056991657083459,
                -1.9960964881592618,
                -1.4641366472482376,
                -3.0915212412816553,
                -3.5061247032989153,
                1.728662876215111,
                0.7057358910967837,
                0.9980351177742541,
                -1.4641366470259587,
                -3.0915212409763333,
                -3.5061247031414307,
                -1.7286628760580496,
                0.7057358909450595,
                0.9980351176620932,
                -1.464136645205888,
                -3.091521238790744,
                -3.5061247021840143,
                -7.773032953377483e-11,
                -2.1171708893436163,
                2.6029977268805425e-05
            ],
            [
                -1.6720527469568611,
                -2.5563466256798746,
                -4.206968824966332,
                -4.705124071839388,
                -4.361532482989042,
                -2.9405449164180996e-12,
                -2.5263827023238446e-09,
                9.633312122658033e-09,
                5.199710159349058e-12,
                -5.1983235424837954e-09,
                1.987813699233537e-08,
                9.327862037106465e-12,
                -4.2579353298491375e-09,
                1.630758888162603e-08,
                -1.1969077701179387e-08,
                -1.0488723912246788e-11,
                -6.686162758356511e-12,
                -9.284489649319383e-09,
                7.52403152810661e-09,
                -2.1397398089484376e-08,
                -1.1688428249386865e-11,
                -1.2682665385861276e-12,
                -1.6289416454595695e-08,
                1.5111888366050953e-08,
                -2.0779039814875433e-12,
                -0.09329822654076769,
                -0.13194016555176835,
                2.6823411661973987e-12,
                -7.58734259741872e-12,
                -0.12044412905449633,
                0.034071538736618764,
                -1.2846248962328812,
                -2.6777183465522385,
                -3.3968086840332954,
                -1.032500440309195e-11,
                0.40549595429856283,
                -1.1469604779421592,
                -1.2846249051140328,
                -2.677718356702912,
                -3.3968086883542776,
                0.9932926595144188,
                0.40551705623642026,
                0.5734726966488174,
                -1.284624904993675,
                -2.6777183565191525,
                -3.396808688235875,
                -0.9932926594529234,
                0.40551705616214007,
                0.5734726966013914,
                -1.2846249041621316,
                -2.6777183555442443,
                -3.396808687799564,
                -4.3592474506360307e-11,
                -1.2165300333612272,
                1.495742257862834e-05
            ],
            [
                -3.309297086891311e-13,
                -2.1542712235366785e-12,
                -6.679595229999742e-12,
                -5.093114330899668e-12,
                -2.9405449164180996e-12,
                -6.3040819065426685,
                -8.856012634760536e-12,
                -6.1879745286785155e-12,
                -3.7877470399807107,
                -8.447978120760871e-12,
                -5.283447484027872e-12,
                -1.5825299842772311,
                -3.6295891268206055e-12,
                -2.0559637450727236e-12,
                -8.057163938383034e-12,
                -0.04184680063290674,
                -0.05917874830117283,
                1.6158853984919662e-12,
                -4.570754781024528e-12,
                -3.1955979078794307e-12,
                -0.03786960447548889,
                -0.05355429702121287,
                1.1259652602477677e-12,
                -3.1849400598451666e-12,
                -0.01047626491185255,
                -1.0933093512986736e-11,
                -8.376432247825074e-12,
                0.013523822662985074,
                -0.038254164385181276,
                -7.412459935784604e-14,
                1.2391483803170797e-12,
                1.225931346323991e-11,
                1.514094438021657e-11,
                4.870767816590323e-12,
                -0.9155772745950788,
                -1.0140539396466066e-11,
                2.7067764676907407e-11,
                -1.1079096916597801,
                -1.4553397966399955,
                -0.5951097786921354,
                1.2567227475140186,
                0.8868531429382207,
                1.2541668751577009,
                1.1079096914177013,
                1.4553397965557608,
                0.5951097787071354,
                1.2567227475603528,
                -0.8868531427517681,
                -1.2541668750249082,
                5.18021382517828e-11,
                6.83413583110745e-11,
                2.705767726578573e-11,
                -0.9155772944700732,
                1.2456728945537817e-10,
                3.3488595112363926e-14
            ],
            [
                -1.7332846352852293e-10,
                -1.1283118866908753e-09,
                -3.829869056569268e-09,
                -3.6148488464527164e-09,
                -2.5263827023238446e-09,
                -8.856012634760536e-12,
                -6.3040818975814386,
                5.7624199714627425e-09,
                -8.447978120760871e-12,
                -3.787747030629255,
                6.1708991741534344e-09,
                -3.6295891268206055e-12,
                -1.5825299799819896,
                2.884129257874842e-09,
                -0.036240387975399094,
                -2.937806298429347e-12,
                -4.570754781024528e-12,
                0.06276873206826582,
                -2.0442559724221015e-06,
                -0.03279603674721133,
                4.756980133106778e-14,
                -3.1849400598451666e-12,
                0.056803079859331536,
                -1.8533471690249828e-06,
                6.519178152809069e-12,
                0.017106886323724146,
                -0.030242578967044985,
                -8.41629769771525e-12,
                -6.703779680094557e-12,
                0.02208644545106203,
                0.007807508461828115,
                -0.4522865310566628,
                -0.5941193638717962,
                -0.2429441214961533,
                -1.0258515658721886e-11,
                -0.553552397219809,
                -1.024000900052361,
                -0.4523100732284109,
                -0.5941502766311585,
                -0.2429567594143278,
                0.8868531420146413,
                -0.5535147444654095,
                0.5120203535028183,
                -0.45231007307114174,
                -0.59415027651925,
                -0.24295675938930225,
                -0.8868531418257151,
                -0.5535147443603773,
                0.512020353381897,
                1.3569066417186302,
                1.7824198588809315,
                0.7288576100359376,
                1.2221068602594657e-10,
                2.3428724439955273,
                -4.0060028948670995e-05
            ],
            [
                6.60242515861528e-10,
                4.2981400398150416e-09,
                1.4592456732932936e-08,
                1.3779267575801304e-08,
                9.633312122658033e-09,
                -6.1879745286785155e-12,
                5.7624199714627425e-09,
                -6.304081882946123,
                -5.283447484027872e-12,
                6.1708991741534344e-09,
                -3.787747015477441,
                -2.0559637450727236e-12,
                2.884129257874842e-09,
                -1.5825299730607272,
                -0.05125031630823999,
                -4.570754781024528e-12,
                -6.16957709541328e-12,
                -0.029591447704647066,
                -0.04184533944177312,
                -0.04637939222907377,
                -3.1849400598451666e-12,
                -2.204360719164468e-12,
                -0.026779020090877098,
                -0.03786828240175447,
                3.275612586833743e-12,
                -0.030242578967044985,
                -0.004276171249032512,
                3.668498432721481e-12,
                -8.597865143530207e-12,
                0.023424722732151338,
                -0.016565346758434685,
                1.2793093649383762,
                1.6804888312124195,
                0.6871765290989508,
                2.7401464847703076e-11,
                -1.0240008964093135,
                1.980847559746112,
                -0.6396462742599924,
                -0.8402333496994661,
                -0.3435837291680915,
                1.2541668657935159,
                0.5120203502130638,
                -0.19149014900333053,
                -0.6396462741060743,
                -0.8402333496333521,
                -0.343583729171128,
                -1.2541668656610585,
                0.5120203500937075,
                -0.1914901488667432,
                -1.6681368763260506e-05,
                -2.190984598758163e-05,
                -8.954948614360145e-06,
                3.351767828691909e-14,
                -4.0057094052799064e-05,
                -0.915577292110308
            ],
            [
                -4.2280368528495976e-14,
                -5.951506940519646e-13,
                -3.4447809155878486e-12,
                1.6483215824120138e-12,
                5.199710159349058e-12,
                -3.7877470399807107,
                -8.447978120760871e-12,
                -5.283447484027872e-12,
                -4.507201443616314,
                -1.2907087007479001e-11,
                -4.285861789835333e-12,
                -2.9218965730108972,
                -6.6373885234838294e-12,
                -4.2756312069224136e-13,
                -6.405313214166086e-12,
                -0.054636530170150764,
                -0.07726568487792629,
                1.835733783083153e-12,
                -5.192620622666673e-12,
                4.149126980840575e-12,
                -0.10161760326778585,
                -0.14370520937778725,
                1.5275311891352508e-12,
                -4.320804444682173e-12,
                -0.02262144855767312,
                -1.3537592701856851e-11,
                -6.969064827753258e-12,
                0.029202063897415087,
                -0.08260241926048877,
                1.3505782622763513e-12,
                2.2483690624438276e-12,
                1.9818493532079523e-11,
                2.4839378599344823e-11,
                1.5788028716605212e-11,
                -1.29019947138806,
                -8.836390748731582e-12,
                2.2958211970808524e-11,
                -1.778069542610652,
                -2.195361100975249,
                -1.1593076187741642,
                0.5294873056727228,
                0.7428968914372944,
                1.0505873311276874,
                1.778069542480345,
                2.195361100959081,
                1.1593076188328428,
                0.5294873058846243,
                -0.7428968913554209,
                -1.0505873311188427,
                8.328067516666149e-11,
                1.0591182959560071e-10,
                6.001203109173721e-11,
                -1.2901994842788007,
                1.0515686034604726e-10,
                3.0610209443978253e-13
            ],
            [
                -2.214364748136138e-11,
                -3.11848158250224e-10,
                -3.610206921684326e-09,
                -5.604255782940093e-09,
                -5.1983235424837954e-09,
                -8.447978120760871e-12,
                -3.787747030629255,
                6.1708991741534344e-09,
                -1.2907087007479001e-11,
                -4.507201424419653,
                1.3547959649670485e-08,
                -6.6373885234838294e-12,
                -2.9218965608359073,
                8.899852676753073e-09,
                -0.047316618870007356,
                -9.57616617982618e-13,
                -5.192620622666673e-12,
                0.0819528803451062,
                -2.6732259755421964e-06,
                -0.08800341921536385,
                7.412285247604344e-12,
                -4.320804444682173e-12,
                0.15242284680714008,
                -4.9753492210500895e-06,
                1.1493014414082686e-11,
                0.036938992397485215,
                -0.06530295841277307,
                -1.483752718218277e-11,
                -9.087172054828585e-12,
                0.04769137329279993,
                0.0168587966734092,
                -0.7258686561202315,
                -0.8962213175213094,
                -0.47326893649432167,
                -8.533036528786057e-12,
                -0.9869393855930825,
                -0.8577824877992526,
                -0.725906426358413,
                -0.8962679419092622,
                -0.47329355327704126,
                0.7428968897534698,
                -0.9869078449589448,
                0.4289079134031227,
                -0.7259064262113086,
                -0.896267941783088,
                -0.4732935532339422,
                -0.7428968896667403,
                -0.9869078448446346,
                0.42890791334319656,
                2.1776814428595443,
                2.6887571092294733,
                1.4198559825394836,
                9.999649313669373e-11,
                1.43933043313399,
                -3.355855092272241e-05
            ],
            [
                8.435364598828262e-11,
                1.1879379698262404e-09,
                1.3769836140974938e-08,
                2.141053170548203e-08,
                1.987813699233537e-08,
                -5.283447484027872e-12,
                6.1708991741534344e-09,
                -3.787747015477441,
                -4.285861789835333e-12,
                1.3547959649670485e-08,
                -4.507201393991094,
                -4.2756312069224136e-13,
                8.899852676753073e-09,
                -2.9218965417731018,
                -0.06691406207848143,
                -5.192620622666673e-12,
                -4.6290841841489244e-12,
                -0.03863554360879701,
                -0.05463462259003197,
                -0.12445238754754942,
                -4.320804444682173e-12,
                4.357222869333841e-12,
                -0.07185762432704165,
                -0.10161405675413253,
                5.331396246438825e-12,
                -0.06530295841277307,
                -0.009233553137405814,
                3.5798150983813978e-12,
                -1.1529299581910921e-11,
                0.050581124462144376,
                -0.03576964397979898,
                2.0531466354098877,
                2.5349954971280453,
                1.3386588736601224,
                2.210016305846649e-11,
                -0.8577824819936711,
                1.1360703686113376,
                -1.0265598062294141,
                -1.2674810469065791,
                -0.6693205984832801,
                1.05058731734007,
                0.42890790874640167,
                -0.6836479977083934,
                -1.026559806131299,
                -1.2674810468685642,
                -0.6693205984989282,
                -1.0505873173303684,
                0.42890790868892953,
                -0.6836479975378097,
                -2.6771784130249577e-05,
                -3.3051496495672475e-05,
                -1.744508799815401e-05,
                3.061656684783259e-13,
                -3.355504551654658e-05,
                -1.2901994808862667
            ],
            [
                -1.1631681054920569e-14,
                -1.8327995685973983e-13,
                -6.350856516592398e-13,
                4.656325079886801e-12,
                9.327862037106465e-12,
                -1.5825299842772311,
                -3.6295891268206055e-12,
                -2.0559637450727236e-12,
                -2.9218965730108972,
                -6.6373885234838294e-12,
                -4.2756312069224136e-13,
                -3.057058307786825,
                -4.061559701113798e-12,
                2.017965657204638e-12,
                -2.2921369733947016e-12,
                -0.025875942084003033,
                -0.0365931440368036,
                7.90638647874716e-13,
                -2.236422823896448e-12,
                7.28147416783017e-12,
                -0.06828596549512031,
                -0.09656839498877827,
                5.571725172037064e-13,
                -1.5760115054504105e-12,
                -0.01272208181276413,
                -5.667360262306899e-12,
                -1.3985493321719895e-12,
                0.016422956400232946,
                -0.04645479575000956,
                1.1649074814297911e-12,
                1.1497901535013414e-12,
                1.2905269104471383e-11,
                1.994928529280489e-11,
                1.96912056452058e-11,
                -0.869916200466513,
                -3.5832317593188815e-12,
                9.086026335986366e-12,
                -1.1561388601915907,
                -1.7083030740222769,
                -1.295089815100232,
                -0.14955544586568717,
                0.29409114287823224,
                0.4158967872101219,
                1.1561388601950824,
                1.7083030740791214,
                1.2950898151893113,
                -0.1495554457495585,
                -0.2940911428608153,
                -0.4158967872266001,
                5.4126598275025306e-11,
                8.266438853055326e-11,
                6.832823905662048e-11,
                -0.8699162038184005,
                4.1719117796419465e-11,
                2.3331145764083627e-13
            ],
            [
                -6.091979295555082e-12,
                -9.608307776282024e-11,
                -1.690354434905408e-09,
                -3.5350543319901587e-09,
                -4.2579353298491375e-09,
                -3.6295891268206055e-12,
                -1.5825299799819896,
                2.884129257874842e-09,
                -6.6373885234838294e-12,
                -2.9218965608359073,
                8.899852676753073e-09,
                -4.061559701113798e-12,
                -3.057058297381083,
                7.926390603714787e-09,
                -0.022409221332100344,
                -8.362679115196262e-15,
                -2.236422823896448e-12,
                0.038813006529407196,
                -1.2664400909033463e-06,
                -0.05913737594908332,
                7.698959578570445e-12,
                -1.5760115054504105e-12,
                0.10242655688935519,
                -3.342406594562628e-06,
                6.233261130976078e-12,
                0.020774129647528644,
                -0.036725747449856155,
                -8.047154449055209e-12,
                -4.030388770234814e-12,
                0.026821163222423672,
                0.009481223174513422,
                -0.47197533483306,
                -0.6973876130485677,
                -0.5286998628336983,
                -3.2956666076834366e-12,
                -0.7498644046064378,
                -0.33957099112428885,
                -0.4719998899367826,
                -0.6974238906985233,
                -0.5287273628976064,
                0.2940911418852408,
                -0.7498519174880554,
                0.16979209457793495,
                -0.4719998898771857,
                -0.6974238906286316,
                -0.5287273628583271,
                -0.29409114186477214,
                -0.749851917438621,
                0.16979209456231198,
                1.4159750691126012,
                2.092235321500919,
                1.586154524452856,
                3.837955280122031e-11,
                0.21062482860629853,
                -1.3285452953719819e-05
            ],
            [
                2.3206520756261127e-11,
                3.66014159707316e-10,
                6.452154402581876e-09,
                1.3523501235169904e-08,
                1.630758888162603e-08,
                -2.0559637450727236e-12,
                2.884129257874842e-09,
                -1.5825299730607272,
                -4.2756312069224136e-13,
                8.899852676753073e-09,
                -2.9218965417731018,
                2.017965657204638e-12,
