{
    "Molecule": {
        "Atoms": [
            {
                "BasisFunctions": [
                    {
                        "Coefficients": [
                            0.03348548481298865,
                            0.2347218708812486,
                            0.8137702852595533
                        ],
                        "Exponents": [
                            13.010701,
                            1.9622572,
                            0.44453796
                        ],
                        "Shell": "s"
                    },
                    {
                        "Coefficients": [
                            0.9999999999999998
                        ],
                        "Exponents": [
                            0.12194962
                        ],
                        "Shell": "s"
                    },
                    {
                        "Coefficients": [
                            1.0
                        ],
                        "Exponents": [
                            0.8
                        ],
                        "Shell": "p"
                    }
                ],
                "Coords": [
                    0.0,
                    0.0,
                    -0.6614041468724381
                ],
                "ElementLabel": "H",
                "ElementNumber": 1,
                "Idx": 0,
                "NuclearCharge": 1.0
            },
            {
                "BasisFunctions": [
                    {
                        "Coefficients": [
                            0.03348548481298865,
                            0.2347218708812486,
                            0.8137702852595533
                        ],
                        "Exponents": [
                            13.010701,
                            1.9622572,
                            0.44453796
                        ],
                        "Shell": "s"
                    },
                    {
                        "Coefficients": [
                            0.9999999999999998
                        ],
                        "Exponents": [
                            0.12194962
                        ],
                        "Shell": "s"
                    },
                    {
                        "Coefficients": [
                            1.0
                        ],
                        "Exponents": [
                            0.8
                        ],
                        "Shell": "p"
                    }
                ],
                "Coords": [
                    0.0,
                    0.0,
                    0.6614041468724381
                ],
                "ElementLabel": "H",
                "ElementNumber": 1,
                "Idx": 1,
                "NuclearCharge": 1.0
            }
        ],
        "BaseName": "04_h2",
        "Charge": 0,
        "CoordinateUnits": "Bohrs",
        "H-Matrix": [
            [
                -1.124776358681662,
                -0.8927550752610738,
                -0.27995300485006297,
                0.0,
                0.0,
                -0.953175122776653,
                -0.8005298368981391,
                0.5644717578435283,
                0.0,
                0.0
            ],
            [
                -0.8927550752610738,
                -0.8615241019389833,
                -0.1985238768062884,
                0.0,
                0.0,
                -0.8005298368981391,
                -0.8145032917169999,
                0.31912404708166586,
                0.0,
                0.0
            ],
            [
                -0.27995300485006297,
                -0.1985238768062884,
                0.15874580202249966,
                0.0,
                0.0,
                -0.5644717578435283,
                -0.31912404708166586,
                -0.31148524773908914,
                0.0,
                0.0
            ],
            [
                0.0,
                0.0,
                0.0,
                0.42315903655804465,
                0.0,
                0.0,
                0.0,
                0.0,
                -0.1151708723703182,
                0.0
            ],
            [
                0.0,
                0.0,
                0.0,
                0.0,
                0.42315903655804465,
                0.0,
                0.0,
                0.0,
                0.0,
                -0.11517087237031809
            ],
            [
                -0.953175122776653,
                -0.8005298368981391,
                -0.5644717578435283,
                0.0,
                0.0,
                -1.124776358681662,
                -0.8927550752610738,
                0.27995300485006297,
                0.0,
                0.0
            ],
            [
                -0.8005298368981391,
                -0.8145032917169999,
                -0.31912404708166586,
                0.0,
                0.0,
                -0.8927550752610738,
                -0.8615241019389833,
                0.1985238768062884,
                0.0,
                0.0
            ],
            [
                0.5644717578435283,
                0.31912404708166586,
                -0.31148524773908914,
                0.0,
                0.0,
                0.27995300485006297,
                0.1985238768062884,
                0.15874580202249966,
                0.0,
                0.0
            ],
            [
                0.0,
                0.0,
                0.0,
                -0.1151708723703182,
                0.0,
                0.0,
                0.0,
                0.0,
                0.42315903655804465,
                0.0
            ],
            [
                0.0,
                0.0,
                0.0,
                0.0,
                -0.11517087237031809,
                0.0,
                0.0,
                0.0,
                0.0,
                0.42315903655804465
            ]
        ],
        "HFTyp": "RHF",
        "MolecularOrbitals": {
            "EnergyUnit": "Eh",
            "MOs": [
                {
                    "MOCoefficients": [
                        0.4092525122252976,
                        0.16389498546181216,
                        0.022280832080166336,
                        -2.277499691074048e-17,
                        -4.500367827182995e-18,
                        0.40925251222529785,
                        0.16389498546180797,
                        -0.02228083208016551,
                        2.5884016661698124e-17,
                        3.109489212247738e-19
                    ],
                    "Occupancy": 2.0,
                    "OrbitalEnergy": -0.6048357749359009
                },
                {
                    "MOCoefficients": [
                        0.13306588054251525,
                        2.0782452710342265,
                        0.0050606676262743,
                        4.183780473943916e-17,
                        2.331544072062766e-17,
                        -0.13306588054251875,
                        -2.0782452710342243,
                        0.005060667626273735,
                        -2.894432487189615e-17,
                        -2.3355251323518755e-17
                    ],
                    "Occupancy": 0.0,
                    "OrbitalEnergy": 0.205013640343489
                },
                {
                    "MOCoefficients": [
                        -0.6877440881514263,
                        0.7251083256448067,
                        -0.0035909162915436113,
                        6.87582936341739e-17,
                        1.170248337084286e-16,
                        -0.6877440881514224,
                        0.7251083256448051,
                        0.003590916291543136,
                        -6.682342319443266e-17,
                        3.164665047821712e-16
                    ],
                    "Occupancy": 0.0,
                    "OrbitalEnergy": 0.46943302660061237
                },
                {
                    "MOCoefficients": [
                        0.8211370497876124,
                        -1.6117037302368005,
                        -0.36984306142421397,
                        6.934864873473461e-16,
                        -6.56837526801266e-17,
                        -0.8211370497876118,
                        1.6117037302368002,
                        -0.369843061424213,
                        -5.385120993074153e-16,
                        6.55911132782886e-17
                    ],
                    "Occupancy": 0.0,
                    "OrbitalEnergy": 0.9958567720433275
                },
                {
                    "MOCoefficients": [
                        5.71702357001467e-16,
                        -7.049640183811954e-16,
                        3.967417699870975e-16,
                        -0.007873080744990822,
                        0.5779480927764694,
                        5.684316552543191e-16,
                        -7.009882968446449e-16,
                        -3.997524670299966e-16,
                        -0.007873080744991424,
                        0.5779480927764676
                    ],
                    "Occupancy": 0.0,
                    "OrbitalEnergy": 1.4255600982786831
                },
                {
                    "MOCoefficients": [
                        5.124112884825941e-16,
                        -4.449114540639109e-16,
                        -9.30282536314542e-16,
                        -0.5779480927764701,
                        -0.007873080744990848,
                        2.9322015500478334e-16,
                        -1.647100402768292e-16,
                        7.058909629559218e-16,
                        -0.5779480927764702,
                        -0.007873080744991438
                    ],
                    "Occupancy": 0.0,
                    "OrbitalEnergy": 1.4255600982786902
                },
                {
                    "MOCoefficients": [
                        -0.42203449895884887,
                        0.212904160054422,
                        0.7256881448078367,
                        -1.3054014367080075e-15,
                        -3.8849408394950196e-15,
                        -0.42203449895885975,
                        0.21290416005442653,
                        -0.7256881448078296,
                        -6.791093237134593e-16,
                        2.9138964139790666e-15
                    ],
                    "Occupancy": 0.0,
                    "OrbitalEnergy": 2.1416675775897973
                },
                {
                    "MOCoefficients": [
                        -1.6142028842520707e-15,
                        1.6815329386401878e-15,
                        2.903266530358917e-15,
                        0.39737720207891297,
                        0.9139902305871229,
                        -1.7295226916516145e-15,
                        2.537013251954747e-16,
                        -2.0181825095296333e-15,
                        -0.3973772020789122,
                        -0.9139902305871244
                    ],
                    "Occupancy": 0.0,
                    "OrbitalEnergy": 2.2535981414669783
                },
                {
                    "MOCoefficients": [
                        -7.656259154494307e-16,
                        -4.611425305829149e-16,
                        -2.3532637631487216e-16,
                        -0.9139902305871247,
                        0.397377202078913,
                        -7.98315777706959e-16,
                        1.6697087707891168e-15,
                        -1.871139458368385e-15,
                        0.9139902305871239,
                        -0.39737720207891275
                    ],
                    "Occupancy": 0.0,
                    "OrbitalEnergy": 2.2535981414669846
                },
                {
                    "MOCoefficients": [
                        -2.9838173933226613,
                        0.2052772062413284,
                        -2.1029515660264777,
                        6.381105860585745e-16,
                        1.5800767600831442e-18,
                        2.9838173933226604,
                        -0.20527720624132872,
                        -2.102951566026483,
                        -5.731249606207393e-16,
                        -1.4915421763184084e-18
                    ],
                    "Occupancy": 0.0,
                    "OrbitalEnergy": 4.056521662038143
                }
            ],
            "OrbitalLabels": [
                "0H   1s",
                "0H   2s",
                "0H   1pz",
                "0H   1px",
                "0H   1py",
                "1H   1s",
                "1H   2s",
                "1H   1pz",
                "1H   1px",
                "1H   1py"
            ]
        },
        "Multiplicity": 1,
        "S-Matrix": [
            [
                0.9999999999999998,
                0.684799824745373,
                1.5162434853605931e-16,
                0.0,
                0.0,
                0.6032004311293337,
                0.5770120448701802,
                -0.5238758374474479,
                0.0,
                0.0
            ],
            [
                0.684799824745373,
                1.0,
                -1.1077002577376411e-16,
                0.0,
                0.0,
                0.5770120448701802,
                0.8987997195561419,
                -0.14506625496071773,
                0.0,
                0.0
            ],
            [
                1.5162434853605931e-16,
                -1.1077002577376411e-16,
                1.0,
                0.0,
                0.0,
                0.5238758374474479,
                0.14506625496071773,
                -0.19857747669263676,
                0.0,
                0.0
            ],
            [
                0.0,
                0.0,
                0.0,
                1.0,
                0.0,
                0.0,
                0.0,
                0.0,
                0.4966207052290518,
                0.0
            ],
            [
                0.0,
                0.0,
                0.0,
                0.0,
                1.0,
                0.0,
                0.0,
                0.0,
                0.0,
                0.4966207052290518
            ],
            [
                0.6032004311293337,
                0.5770120448701802,
                0.5238758374474479,
                0.0,
                0.0,
                0.9999999999999998,
                0.684799824745373,
                -1.5162434853605931e-16,
                0.0,
                0.0
            ],
            [
                0.5770120448701802,
                0.8987997195561419,
                0.14506625496071773,
                0.0,
                0.0,
                0.684799824745373,
                1.0,
                1.1077002577376411e-16,
                0.0,
                0.0
            ],
            [
                -0.5238758374474479,
                -0.14506625496071773,
                -0.19857747669263676,
                0.0,
                0.0,
                -1.5162434853605931e-16,
                1.1077002577376411e-16,
                1.0,
                0.0,
                0.0
            ],
            [
                0.0,
                0.0,
                0.0,
                0.4966207052290518,
                0.0,
                0.0,
                0.0,
                0.0,
                1.0,
                0.0
            ],
            [
                0.0,
                0.0,
                0.0,
                0.0,
                0.4966207052290518,
                0.0,
                0.0,
                0.0,
                0.0,
                1.0
            ]
        ],
        "T-Matrix": [
            [
                0.9692259315784492,
                0.20114159492026107,
                1.4923273033813212e-16,
                0.0,
                0.0,
                0.3057150106269735,
                0.14996226308883226,
                -0.6745207106055342,
                0.0,
                0.0
            ],
            [
                0.20114159492026107,
                0.18292443,
                -4.50994496659661e-17,
                0.0,
                0.0,
                0.14996226308883226,
                0.15271776493908631,
                -0.071068938796046,
                0.0,
                0.0
            ],
            [
                1.4923273033813212e-16,
                -4.50994496659661e-17,
                2.0000000000000004,
                0.0,
                0.0,
                0.6745207106055342,
                0.07106893879604602,
                -0.8421214368005704,
                0.0,
                0.0
            ],
            [
                0.0,
                0.0,
                0.0,
                2.0000000000000004,
                0.0,
                0.0,
                0.0,
                0.0,
                0.7151621376894283,
                0.0
            ],
            [
                0.0,
                0.0,
                0.0,
                0.0,
                2.0000000000000004,
                0.0,
                0.0,
                0.0,
                0.0,
                0.7151621376894283
            ],
            [
                0.3057150106269735,
                0.14996226308883226,
                0.6745207106055342,
                0.0,
                0.0,
                0.9692259315784492,
                0.20114159492026107,
                -1.4923273033813212e-16,
                0.0,
                0.0
            ],
            [
                0.14996226308883226,
                0.15271776493908631,
                0.07106893879604602,
                0.0,
                0.0,
                0.20114159492026107,
                0.18292443,
                4.50994496659661e-17,
                0.0,
                0.0
            ],
            [
                -0.6745207106055342,
                -0.071068938796046,
                -0.8421214368005704,
                0.0,
                0.0,
                -1.4923273033813212e-16,
                4.50994496659661e-17,
                2.0000000000000004,
                0.0,
                0.0
            ],
            [
                0.0,
                0.0,
                0.0,
                0.7151621376894283,
                0.0,
                0.0,
                0.0,
                0.0,
                2.0000000000000004,
                0.0
            ],
            [
                0.0,
                0.0,
                0.0,
                0.0,
                0.7151621376894283,
                0.0,
                0.0,
                0.0,
                0.0,
                2.0000000000000004
            ]
        ]
    },
    "ORCA Header": {
        "Version": "5.0 - current"
    }
}
