{
    "Molecule": {
        "Atoms": [
            {
                "BasisFunctions": [
                    {
                        "Coefficients": [
                            0.005517365040233808,
                            0.04108882854791467,
                            0.18225382129882886,
                            0.4682845943589602,
                            0.4457581733531021
                        ],
                        "Exponents": [
                            1238.4016938,
                            186.29004992,
                            42.251176346,
                            11.676557932,
                            3.5930506482
                        ],
                        "Shell": "s"
                    },
                    {
                        "Coefficients": [
                            1.0
                        ],
                        "Exponents": [
                            0.4024514736
                        ],
                        "Shell": "s"
                    },
                    {
                        "Coefficients": [
                            1.0
                        ],
                        "Exponents": [
                            0.1309018267
                        ],
                        "Shell": "s"
                    },
                    {
                        "Coefficients": [
                            0.056888331974548685,
                            0.3129405933626064,
                            0.7606501650990075
                        ],
                        "Exponents": [
                            9.4680970621,
                            2.0103545142,
                            0.5477100471
                        ],
                        "Shell": "p"
                    },
                    {
                        "Coefficients": [
                            1.0000000000000002
                        ],
                        "Exponents": [
                            0.1526861379
                        ],
                        "Shell": "p"
                    },
                    {
                        "Coefficients": [
                            1.0
                        ],
                        "Exponents": [
                            0.8
                        ],
                        "Shell": "d"
                    }
                ],
                "Coords": [
                    -3.5056981416468544,
                    1.5028078436537817,
                    -1.1566240441621898e-08
                ],
                "ElementLabel": "C",
                "ElementNumber": 6,
                "Idx": 0,
                "NuclearCharge": 6.0
            },
            {
                "BasisFunctions": [
                    {
                        "Coefficients": [
                            -0.005389350399539763,
                            -0.04023472135796575,
                            -0.1800818421023998,
                            -0.46828857657803885,
                            -0.4469261715735337
                        ],
                        "Exponents": [
                            2266.1767785,
                            340.87010191,
                            77.363135167,
                            21.47964494,
                            6.6589433124
                        ],
                        "Shell": "s"
                    },
                    {
                        "Coefficients": [
                            1.0
                        ],
                        "Exponents": [
                            0.8097597567
                        ],
                        "Shell": "s"
                    },
                    {
                        "Coefficients": [
                            1.0
                        ],
                        "Exponents": [
                            0.2553077223
                        ],
                        "Shell": "s"
                    },
                    {
                        "Coefficients": [
                            0.06263024877280561,
                            0.33331138489324214,
                            0.7414863830180661
                        ],
                        "Exponents": [
                            17.721504317,
                            3.863550544,
                            1.0480920883
                        ],
                        "Shell": "p"
                    },
                    {
                        "Coefficients": [
                            1.0
                        ],
                        "Exponents": [
                            0.2764154441
                        ],
                        "Shell": "p"
                    },
                    {
                        "Coefficients": [
                            1.0
                        ],
                        "Exponents": [
                            1.2
                        ],
                        "Shell": "d"
                    }
                ],
                "Coords": [
                    -5.7322004645179945,
                    1.4543983110697698,
                    1.3416982557929992e-06
                ],
                "ElementLabel": "O",
                "ElementNumber": 8,
                "Idx": 1,
                "NuclearCharge": 8.0
            },
            {
                "BasisFunctions": [
                    {
                        "Coefficients": [
                            0.03348548481298865,
                            0.2347218708812486,
                            0.8137702852595533
                        ],
                        "Exponents": [
                            13.010701,
                            1.9622572,
                            0.44453796
                        ],
                        "Shell": "s"
                    },
                    {
                        "Coefficients": [
                            0.9999999999999998
                        ],
                        "Exponents": [
                            0.12194962
                        ],
                        "Shell": "s"
                    },
                    {
                        "Coefficients": [
                            1.0
                        ],
                        "Exponents": [
                            0.8
                        ],
                        "Shell": "p"
                    }
                ],
                "Coords": [
                    -2.421949447965897,
                    2.830569824054518,
                    1.1825813423876614
                ],
                "ElementLabel": "H",
                "ElementNumber": 1,
                "Idx": 2,
                "NuclearCharge": 1.0
            },
            {
                "BasisFunctions": [
                    {
                        "Coefficients": [
                            0.03348548481298865,
                            0.2347218708812486,
                            0.8137702852595533
                        ],
                        "Exponents": [
                            13.010701,
                            1.9622572,
                            0.44453796
                        ],
                        "Shell": "s"
                    },
                    {
                        "Coefficients": [
                            0.9999999999999998
                        ],
                        "Exponents": [
                            0.12194962
                        ],
                        "Shell": "s"
                    },
                    {
                        "Coefficients": [
                            1.0
                        ],
                        "Exponents": [
                            0.8
                        ],
                        "Shell": "p"
                    }
                ],
                "Coords": [
                    -2.3652646748219763,
                    0.22340505870275099,
                    -1.1825826725196762
                ],
                "ElementLabel": "H",
                "ElementNumber": 1,
                "Idx": 3,
                "NuclearCharge": 1.0
            }
        ],
        "BaseName": "00_hcho",
        "Charge": 0,
        "CoordinateUnits": "Bohrs",
        "H-Matrix": [
            [
                -22.48843388929449,
                -7.106835265099778,
                -3.3259622690622597,
                -7.65511225744963e-08,
                0.125457734700866,
                0.0027277529235622275,
                -1.1083785500721147e-08,
                0.018164940841558824,
                0.0003949495071390138,
                0.008467488029790138,
                6.868408883231456e-05,
                -0.003158180603754202,
                -0.014034909783704141,
                -0.0006105960532199092,
                0.00011176565133618373,
                -0.36175016787027037,
                -1.6028388744164295,
                3.030951310806331e-07,
                -0.49868786530363096,
                -0.010842677433433204,
                2.0584781557377843e-06,
                -3.386833685794864,
                -0.07363793613058514,
                0.5003291090353876,
                1.59821040835114e-06,
                -2.5057277923877255e-05,
                -0.8657715862356815,
                -0.03766573229540561,
                -1.0646923220826607,
                -1.8868799075257017,
                0.9776123633570786,
                0.9001668778653694,
                1.0977223576147996,
                -1.064692337922294,
                -1.8868799155273295,
                -0.9776134730568908,
                0.9470268781242556,
                -1.0575598451051897
            ],
            [
                -7.106835265099778,
                -9.998208519353307,
                -7.2610279524838885,
                -5.774691062908253e-07,
                0.9462945315974527,
                0.02057471930382467,
                -4.311922987431094e-07,
                0.7064241355116972,
                0.015359359965225007,
                0.3097567666617298,
                0.00243984586903282,
                -0.11218631183568595,
                -0.5140776593711083,
                -0.022365214204901396,
                1.1224915295357158,
                -3.0399094933157476,
                -4.618033711183162,
                1.5236833761452687e-06,
                -2.507571806384362,
                -0.0545206619723264,
                3.6260227926032253e-06,
                -5.968705309949818,
                -0.129774057614418,
                0.9652880670645596,
                4.617374072441244e-05,
                -0.00203024056285002,
                -1.669951100723182,
                -0.07265187965935839,
                -2.974979376488893,
                -4.467871414962438,
                1.796073958626254,
                1.7447699729005028,
                2.018718764238535,
                -2.9749793846023045,
                -4.467871412310682,
                -1.7960760733327246,
                1.830861344189961,
                -1.9409757584548437
            ],
            [
                -3.3259622690622597,
                -7.2610279524838885,
                -7.309198502880156,
                -5.078454979611723e-07,
                0.8320994514377859,
                0.018091843606345498,
                -6.74770983118236e-07,
                1.105233139143728,
                0.024030427156969715,
                0.30491218278161103,
                0.002331240874919167,
                -0.10719169470544233,
                -0.5066708536243603,
                -0.022042975469707963,
                1.7904410873553906,
                -3.939007098814234,
                -5.368780609032779,
                9.08368662129858e-07,
                -1.4954385851706415,
                -0.03251444389545967,
                2.469415018766912e-06,
                -4.067166225473066,
                -0.08843001118302174,
                0.3452463291175254,
                5.9815176217457275e-05,
                -0.002717693260984506,
                -0.5968878290622875,
                -0.025967841608523893,
                -3.041756161288336,
                -4.9442926629604225,
                1.0577228654472792,
                1.0868805239463277,
                1.1901311482294832,
                -3.041756153279597,
                -4.94429264444809,
                -1.0577241772763668,
                1.1375804378521284,
                -1.1417659035231584
            ],
            [
                -7.65511225744963e-08,
                -5.774691062908253e-07,
                -5.078454979611723e-07,
                -8.36280604274106,
                0.00159539752899164,
                -0.07335779550539967,
                -4.020489999153864,
                0.0012820089870487486,
                -0.058946866044888746,
                -2.278177553535455e-07,
                0.5638610857893975,
                0.012259756005382141,
                0.002278122751518793,
                -0.052370977508301754,
                1.041010591604276e-06,
                -2.436412432469779e-06,
                -2.292160168066632e-06,
                -1.062185554503195,
                1.7402243065051017e-05,
                -0.0009238718457803236,
                -2.4768393868056457,
                0.00029979501998366045,
                -0.013935944045455414,
                2.465399811266704e-06,
                -1.6501810822627705,
                -0.035878918650951615,
                9.220424228256737e-05,
                -0.002171473095368357,
                -1.6424843403626594,
                -0.892634248184915,
                0.05270047977600115,
                1.3936483305224558,
                1.6281480155440953,
                1.6424860084686153,
                0.8926347303636104,
                0.05270368527183614,
                -1.463097518552952,
                1.5660370267066153
            ],
            [
                0.125457734700866,
                0.9462945315974527,
                0.8320994514377859,
                0.00159539752899164,
                -9.050519456407711,
                -0.014640515781469287,
                0.0012820089870487486,
                -4.610696761376683,
                -0.012581784057218758,
                -0.6071252407083403,
                0.0022774823911254427,
                -0.052370977508301754,
                1.06134331055674,
                0.034125907109247566,
                -1.712750966588997,
                4.007932702662261,
                3.768481028483545,
                1.7403133455887982e-05,
                3.352595558442339,
                0.09599192359918421,
                0.00029979875919523347,
                2.790994971867204,
                0.11459470731670152,
                -1.1980984585247405,
                -2.7182669577286425e-06,
                0.0021363498516640857,
                2.0712290539032083,
                0.12603174025392824,
                -1.3771966499207835,
                -0.40401271149425727,
                1.2634436031184881,
                -0.2163017021492729,
                1.4190295132347492,
                -1.4559260040858206,
                -0.446799425340231,
                -1.3328928044804025,
                -0.08561024350833771,
                -1.4414722571939658
            ],
            [
                0.0027277529235622275,
                0.02057471930382467,
                0.018091843606345498,
                -0.07335779550539967,
                -0.014640515781469287,
                -8.37747764787523,
                -0.058946866044888746,
                -0.012581784057218758,
                -4.032297180739388,
                -0.013200311377417399,
                -0.052370977508301754,
                -0.0022787631119121437,
                -0.00099745887755102,
                0.5540895386969873,
                -0.03723933851855291,
                0.08714212661710581,
                0.08193586712681186,
                -0.0009238718264202133,
                0.0959919221757383,
                -1.0602792130613496,
                -0.013935943964151936,
                0.11459470074174066,
                -2.4770745330961184,
                -0.026049548354229558,
                -0.0021735095127653732,
                1.9677191280400778e-07,
                0.11680983542029166,
                -1.6470856079831673,
                -1.8413418235743917,
                -0.9932171794133591,
                1.625316963986588,
                1.562624486824074,
                0.4302946838076407,
                1.7797427582670606,
                0.9747183834411336,
                1.5688680779742512,
                -1.585067208326746,
                0.29959998812779687
            ],
            [
                -1.1083785500721147e-08,
                -4.311922987431094e-07,
                -6.74770983118236e-07,
                -4.020489999153864,
                0.0012820089870487486,
                -0.058946866044888746,
                -5.431567523672229,
                0.002069512320365249,
                -0.09515298078040643,
                -9.529059050417188e-08,
                0.36816498414722193,
                0.00800484633452998,
                0.0020650439611738657,
                -0.04747300094741996,
                1.8703778413026083e-06,
                -3.476205728645219e-06,
                -3.4731273164297496e-06,
                -1.5143914425262484,
                2.037542099404897e-05,
                -0.0010035317880421417,
                -3.5595737859290857,
                0.00038588894720188255,
                -0.01786021621560985,
                9.253650362801514e-07,
                -0.8860225858176077,
                -0.019264270454047393,
                6.515334431724943e-05,
                -0.0015096935554373204,
                -1.8565333336175711,
                -1.526052601147898,
                -0.7581814433325855,
                0.7385772295100906,
                0.8033788773742288,
                1.8565352460216724,
                1.5260536135366138,
                -0.7581797932510136,
                -0.7727975404930791,
                0.7705187111122297
            ],
            [
                0.018164940841558824,
                0.7064241355116972,
                1.105233139143728,
                0.0012820089870487486,
                -4.610696761376683,
                -0.012581784057218758,
                0.002069512320365249,
                -6.504446381310834,
                -0.022922234852592798,
                -0.48508696927721107,
                0.0020645323981511943,
                -0.04747300094741996,
                0.8490246566101681,
                0.029126971559041877,
                -3.0772907354765837,
                5.7186691455701775,
                5.710854866345405,
                2.0376399870151726e-05,
                0.8595238249503848,
                0.05161891526761336,
                0.00038589344417428546,
                0.4407624136006614,
                0.08705293251644988,
                0.011666827449268058,
                -3.885226069894023e-05,
                0.0032744358918228647,
                -0.02166596823087094,
                0.018346338026346533,
                -1.590550635934103,
                -0.8491031612504384,
                0.6278755651005689,
                -0.8570261951899427,
                0.7058194931332831,
                -1.6795400082017362,
                -0.9222515745379051,
                -0.6620958895973553,
                -0.7898876464474379,
                -0.7153527088241965
            ],
            [
                0.0003949495071390138,
                0.015359359965225007,
                0.024030427156969715,
                -0.058946866044888746,
                -0.012581784057218758,
                -4.032297180739388,
                -0.09515298078040643,
                -0.022922234852592798,
                -5.450683669121966,
                -0.010546910776433225,
                -0.04747300094741996,
                -0.002065555524196538,
                0.0028543398968338372,
                0.35933560441478646,
                -0.06690772544002355,
                0.12433766453734992,
                0.1241677604911258,
                -0.0010035317667580798,
                0.051618913731322325,
                -1.5134654689890532,
                -0.01786021611783038,
                0.08705292520721286,
                -3.5611755884031733,
                0.0002536670030183338,
                -0.001511955156376771,
                3.887750580071344e-05,
                0.038070317387771155,
                -0.8855002246853384,
                -2.0820425745483364,
                -1.7014538731984752,
                0.8009718824299146,
                0.8279057099172116,
                -0.5707387122353208,
                2.0109427367949064,
                1.6629401949812266,
                0.7729257057627074,
                -0.8374389041284114,
                -0.6378789169997755
            ],
            [
                0.008467488029790138,
                0.3097567666617298,
                0.30491218278161103,
                -2.278177553535455e-07,
                -0.6071252407083403,
                -0.013200311377417399,
                -9.529059050417188e-08,
                -0.48508696927721107,
                -0.010546910776433225,
                -6.145598088698389,
                0.0005623718248584841,
                -0.025866958593247346,
                0.4611479313335445,
                0.02006250121548553,
                -1.2017020143716621,
                2.069296420589758,
                1.2063925856777835,
                -3.1662649606072e-06,
                1.711485656932688,
                0.03721182670056385,
                -2.551700704478789e-06,
                0.33453683912473375,
                0.007273640267779657,
                -0.9815298864875692,
                -1.5891098516182124e-05,
                0.000538637039177549,
                0.4086525380698812,
                0.017778586869450944,
                0.016358838632847265,
                0.10406402689118766,
                -1.2959802742535835,
                0.555618339648969,
                0.7069167560692116,
                0.01635686469701207,
                0.10406377561784244,
                1.295979456880612,
                0.5858203670049739,
                -0.6821014670781658
            ],
            [
                6.868408883231456e-05,
                0.00243984586903282,
                0.002331240874919167,
                0.5638610857893975,
                0.0022774823911254427,
                -0.052370977508301754,
                0.36816498414722193,
                0.0020645323981511943,
                -0.04747300094741996,
                0.0005623718248584841,
                -6.375505389230876,
                -0.009471755498206239,
                0.002860611440407395,
                -0.0938084212080726,
                -2.5616729531589076e-06,
                4.976828861668165e-05,
                0.0005214483821779599,
                2.0195927478280034,
                1.8591311257906424e-05,
                0.0013949656695237784,
                2.2297541701738104,
                0.001140986056933367,
                -0.0011419560217134582,
                -2.6056205875873535e-05,
                2.7510889819718884,
                0.07602298691474099,
                -9.380709936488383e-05,
                0.003084037793722519,
                -0.9381429486042157,
                -0.11425911069373876,
                0.0683015705674219,
                -0.14060776384963314,
                1.161682056676887,
                0.9919062339195307,
                0.12654837509133607,
                0.07265642919847287,
                0.03268960352277295,
                1.1806791271633656
            ],
            [
                -0.003158180603754202,
                -0.11218631183568595,
                -0.10719169470544233,
                0.012259756005382141,
                -0.052370977508301754,
                -0.0022787631119121437,
                0.00800484633452998,
                -0.04747300094741996,
                -0.002065555524196538,
                -0.025866958593247346,
                -0.009471755498206239,
                -5.940076451298864,
                0.05615143510506372,
                0.0004008409056448178,
                1.4492818276973843e-06,
                -0.0020885928600126256,
                -0.023866240211628142,
                0.04391081929106458,
                -0.0020273951701857513,
                -1.4987787433117137e-05,
                0.048480264625862586,
                -0.05121608602579907,
                -0.0011402877065528638,
                0.0010061691576798515,
                0.07602298652473857,
                -0.7437875599383493,
                -0.0017185497340939991,
                -9.752069759545223e-06,
                -1.2573525955444271,
                -0.2852189797791835,
                0.10162547588107329,
                1.2999479868134751,
                0.4039773706082397,
                -1.2153898222015096,
                -0.2799833768349674,
                -0.09856361797211197,
                1.3189450872420556,
                -0.29605682449301063
            ],
            [
                -0.014034909783704141,
                -0.5140776593711083,
                -0.5066708536243603,
                0.002278122751518793,
                1.06134331055674,
                -0.00099745887755102,
                0.0020650439611738657,
                0.8490246566101681,
                0.0028543398968338372,
                0.4611479313335445,
                0.002860611440407395,
                0.05615143510506372,
                -6.691927537759057,
                -0.012958296680005529,
                2.0794416808874154,
                -3.58033118211801,
                -2.0828933069576627,
                -5.7586708569403835e-05,
                -2.9592737061535277,
                -0.1521752479344853,
                5.241420781995048e-05,
                -0.5667686232356859,
                -0.10927346414490781,
                0.40856114664128107,
                -0.00011139852595176243,
                -0.0009095256928241042,
                -1.4455034102424396,
                -0.18267256907041318,
                0.25963273317927743,
                -0.11906036734623132,
                -0.2894268437440387,
                -1.2601210438348525,
                0.9217596330000096,
                0.16711841668636376,
                -0.13060315279481804,
                0.1875171431794728,
                -1.226622327949707,
                -1.0018958058096548
            ],
            [
                -0.0006105960532199092,
                -0.022365214204901396,
                -0.022042975469707963,
                -0.052370977508301754,
                0.034125907109247566,
                0.5540895386969873,
                -0.04747300094741996,
                0.029126971559041877,
                0.35933560441478646,
                0.02006250121548553,
                -0.0938084212080726,
                0.0004008409056448178,
                -0.012958296680005529,
                -6.394636743874199,
                0.09046692544638342,
                -0.15576371181876617,
                -0.09061710233800442,
                0.00139334852768853,
                -0.17270265230748913,
                2.0151556469803524,
                -0.0011656167106827548,
                -0.07317864811306715,
                2.226880932645511,
                0.017774609268866353,
                0.003083272450811732,
                2.5445804084959594e-05,
                -0.1826725688309246,
                2.745398308794837,
                -1.0539795915345183,
                -0.13809158081146644,
                1.160871203217306,
                -0.1571769719090607,
                0.33805660721132225,
                1.0725441505438764,
                0.12722955233841532,
                1.1816206454742955,
                0.03594578648301433,
                0.258533897919256
            ],
            [
                0.00011176565133618373,
                1.1224915295357158,
                1.7904410873553906,
                1.041010591604276e-06,
                -1.712750966588997,
                -0.03723933851855291,
                1.8703778413026083e-06,
                -3.0772907354765837,
                -0.06690772544002355,
                -1.2017020143716621,
                -2.5616729531589076e-06,
                1.4492818276973843e-06,
                2.0794416808874154,
                0.09046692544638342,
                -35.15128955422267,
                11.846330130348058,
                5.467892912310628,
                -5.7520351632114104e-08,
                0.09491539641596071,
                0.002063689994053588,
                -7.711602336049723e-09,
                0.012725057687465345,
                0.00027667349255197985,
                -0.002776355321638224,
                -1.4827955454337089e-06,
                6.793024504539434e-05,
                0.004790965296582295,
                0.00020843287927820736,
                0.016284070036967722,
                0.5818068190669625,
                -0.0007553006195786095,
                -0.002111958711360134,
                -0.0008788961792991253,
                0.01628406548610361,
                0.581806772548453,
                0.0007553028204961313,
                -0.002148161618715264,
                0.0007862704183378886
            ],
            [
                -0.36175016787027037,
                -3.0399094933157476,
                -3.939007098814234,
                -2.436412432469779e-06,
                4.007932702662261,
                0.08714212661710581,
                -3.476205728645219e-06,
                5.7186691455701775,
                0.12433766453734992,
                2.069296420589758,
                4.976828861668165e-05,
                -0.0020885928600126256,
                -3.58033118211801,
                -0.15576371181876617,
                11.846330130348058,
                -13.497013014141976,
                -9.431505989882519,
                4.0365330450929917e-07,
                -0.6660763005294361,
                -0.01448210773623756,
                3.1430817751385526e-07,
                -0.5186639348294402,
                -0.011277006835981998,
                0.142176864054549,
                7.602663654255472e-05,
                -0.0034829704101697356,
                -0.2453439943846486,
                -0.010673789521414867,
                -0.16228315304377972,
                -1.4639471869685587,
                0.050106533834259184,
                0.12548984677735675,
                0.05798802263593799,
                -0.1622831243425218,
                -1.4639470866690676,
                -0.05010667451652005,
                0.12789157922085412,
                -0.05247888187897193
            ],
            [
                -1.6028388744164295,
                -4.618033711183162,
                -5.368780609032779,
                -2.292160168066632e-06,
                3.768481028483545,
                0.08193586712681186,
                -3.4731273164297496e-06,
                5.710854866345405,
                0.1241677604911258,
                1.2063925856777835,
                0.0005214483821779599,
                -0.023866240211628142,
                -2.0828933069576627,
                -0.09061710233800442,
                5.467892912310628,
                -9.431505989882519,
                -9.225653434015804,
                3.7582629905255164e-07,
                -0.6201649466263502,
                -0.013483884005892587,
                6.87139668934425e-07,
                -1.1343721624221037,
                -0.02466399147084879,
                0.1830660174604919,
                9.900107820592327e-05,
                -0.004535688013671029,
                -0.31589337553562125,
                -0.013743068871472374,
                -0.7213962511257033,
                -2.437521331189411,
                0.28828857195163027,
                0.6354509779657865,
                0.33175281304165366,
                -0.7213961793577732,
                -2.4375212062651013,
                -0.28828931174475075,
                0.6492694732966713,
                -0.30381983108103366
            ],
            [
                3.030951310806331e-07,
                1.5236833761452687e-06,
                9.08368662129858e-07,
                -1.062185554503195,
                1.7403133455887982e-05,
                -0.0009238718264202133,
                -1.5143914425262484,
                2.0376399870151726e-05,
                -0.0010035317667580798,
                -3.1662649606072e-06,
                2.0195927478280034,
                0.04391081929106458,
                -5.7586708569403835e-05,
                0.00139334852768853,
                -5.7520351632114104e-08,
                4.0365330450929917e-07,
                3.7582629905255164e-07,
                -10.538051871356245,
                4.472842230148958e-05,
                -0.00204911629174454,
                -4.783747511840703,
                4.5781137568699306e-05,
                -0.0020975055953125067,
                2.813412208661021e-07,
                -0.48097628435226164,
                -0.010457584962211185,
                5.2135572415004456e-05,
                -0.0011961743186622478,
                -0.05292572113832791,
                -0.20615006089620516,
                0.003909095088528133,
                0.0504076817869083,
                0.022007429016238915,
                0.05292591613113263,
                0.20615092030792453,
                0.003909229629515941,
                -0.05131673976435575,
                0.01979576930086615
            ],
            [
                -0.49868786530363096,
                -2.507571806384362,
                -1.4954385851706415,
                1.7402243065051017e-05,
                3.352595558442339,
                0.0959919221757383,
                2.037542099404897e-05,
                0.8595238249503848,
                0.051618913731322325,
                1.711485656932688,
                1.8591311257906424e-05,
                -0.0020273951701857513,
                -2.9592737061535277,
                -0.17270265230748913,
                0.09491539641596071,
                -0.6660763005294361,
                -0.6201649466263502,
                4.472842230148958e-05,
                -10.827439145847455,
                -0.006283262004372564,
                4.5781137568699306e-05,
                -5.074157205287136,
                -0.006305286043843169,
                0.36853178835965644,
                5.2522506290669134e-05,
                -0.0011961743186622478,
                -0.6379333789253627,
                -0.01728097204570567,
                -0.1694893814883947,
                -0.7208987271881507,
                0.06141502176151491,
                0.14033246501996272,
                0.07110948293852827,
                -0.17202624553380286,
                -0.7307801020447281,
                -0.062324077599837005,
                0.14573600466989653,
                -0.0652374446030142
            ],
            [
                -0.010842677433433204,
                -0.0545206619723264,
                -0.03251444389545967,
                -0.0009238718457803236,
                0.09599192359918421,
                -1.0602792130613496,
                -0.0010035317880421417,
                0.05161891526761336,
                -1.5134654689890532,
                0.03721182670056385,
                0.0013949656695237784,
                -1.4987787433117137e-05,
                -0.1521752479344853,
                2.0151556469803524,
                0.002063689994053588,
                -0.01448210773623756,
                -0.013483884005892587,
                -0.00204911629174454,
                -0.006283262004372564,
                -10.538589418191943,
                -0.0020975055953125067,
                -0.006305286043843169,
                -4.784295005450113,
                0.008012772422043225,
                -0.0011961743186622478,
                -5.174863853933979e-05,
                0.007055141860971108,
                -0.48135868707004453,
                -0.06205382052696476,
                -0.24302508060127767,
                0.022246762526510408,
                0.058970148853094935,
                0.010764486580002862,
                0.05462843024614918,
                0.2114620444557645,
                0.01955643583710615,
                -0.05309811341452282,
                0.00536078051699122
            ],
            [
                2.0584781557377843e-06,
                3.6260227926032253e-06,
                2.469415018766912e-06,
                -2.4768393868056457,
                0.00029979875919523347,
                -0.013935943964151936,
                -3.5595737859290857,
                0.00038589344417428546,
                -0.01786021611783038,
                -2.551700704478789e-06,
                2.2297541701738104,
                0.048480264625862586,
                5.241420781995048e-05,
                -0.0011656167106827548,
                -7.711602336049723e-09,
                3.1430817751385526e-07,
                6.87139668934425e-07,
                -4.783747511840703,
                4.5781137568699306e-05,
                -0.0020975055953125067,
                -6.5092801032592735,
                0.0002360956555363055,
                -0.010830531720975206,
                2.171782509798799e-07,
                -0.43149585162583565,
                -0.00938176005752043,
                8.31802012790671e-05,
                -0.0019085813076939139,
                -0.4168380201301984,
                -0.6445928606425321,
                -0.08719100289213648,
                0.45211812309691307,
                0.21858354839199692,
                0.4168396337294585,
                0.6445958104163139,
                -0.08718966117266827,
                -0.4611929342402547,
                0.19872678195378365
            ],
            [
                -3.386833685794864,
                -5.968705309949818,
                -4.067166225473066,
                0.00029979501998366045,
                2.790994971867204,
                0.11459470074174066,
                0.00038588894720188255,
                0.4407624136006614,
                0.08705292520721286,
                0.33453683912473375,
                0.001140986056933367,
                -0.05121608602579907,
                -0.5667686232356859,
                -0.07317864811306715,
                0.012725057687465345,
                -0.5186639348294402,
                -1.1343721624221037,
                4.5781137568699306e-05,
                -5.074157205287136,
                -0.006305286043843169,
                0.0002360956555363055,
                -7.5210180609459005,
                -0.021951558446969607,
