{
    "Molecule": {
        "Atoms": [
            {
                "BasisFunctions": [
                    {
                        "Coefficients": [
                            0.15432897000916185,
                            0.53532814003178,
                            0.4446345400263961
                        ],
                        "Exponents": [
                            71.616837,
                            13.045096,
                            3.5305122
                        ],
                        "Shell": "s"
                    },
                    {
                        "Coefficients": [
                            -0.09996723007596427,
                            0.39951283030358636,
                            0.7001154705320117
                        ],
                        "Exponents": [
                            2.9412494,
                            0.6834831,
                            0.2222899
                        ],
                        "Shell": "s"
                    },
                    {
                        "Coefficients": [
                            0.15591627210510742,
                            0.607683728204657,
                            0.39195739529202256
                        ],
                        "Exponents": [
                            2.9412494,
                            0.6834831,
                            0.2222899
                        ],
                        "Shell": "p"
                    }
                ],
                "Coords": [
                    -2.5983732640663693,
                    0.7761375084906504,
                    0.0
                ],
                "ElementLabel": "C",
                "ElementNumber": 6,
                "Idx": 0,
                "NuclearCharge": 6.0
            },
            {
                "BasisFunctions": [
                    {
                        "Coefficients": [
                            0.1543289707029839,
                            0.5353281424384732,
                            0.44463454202535485
                        ],
                        "Exponents": [
                            3.42525091,
                            0.62391373,
                            0.1688554
                        ],
                        "Shell": "s"
                    }
                ],
                "Coords": [
                    -1.9243940669165813,
                    -1.1302371126704471,
                    0.0
                ],
                "ElementLabel": "H",
                "ElementNumber": 1,
                "Idx": 1,
                "NuclearCharge": 1.0
            },
            {
                "BasisFunctions": [
                    {
                        "Coefficients": [
                            0.1543289707029839,
                            0.5353281424384732,
                            0.44463454202535485
                        ],
                        "Exponents": [
                            3.42525091,
                            0.62391373,
                            0.1688554
                        ],
                        "Shell": "s"
                    }
                ],
                "Coords": [
                    -1.9243592770584559,
                    1.729311950036227,
                    1.6509620714895021
                ],
                "ElementLabel": "H",
                "ElementNumber": 1,
                "Idx": 2,
                "NuclearCharge": 1.0
            },
            {
                "BasisFunctions": [
                    {
                        "Coefficients": [
                            0.1543289707029839,
                            0.5353281424384732,
                            0.44463454202535485
                        ],
                        "Exponents": [
                            3.42525091,
                            0.62391373,
                            0.1688554
                        ],
                        "Shell": "s"
                    }
                ],
                "Coords": [
                    -1.9243592770584559,
                    1.729311950036227,
                    -1.6509620714895021
                ],
                "ElementLabel": "H",
                "ElementNumber": 1,
                "Idx": 3,
                "NuclearCharge": 1.0
            },
            {
                "BasisFunctions": [
                    {
                        "Coefficients": [
                            0.1543289707029839,
                            0.5353281424384732,
                            0.44463454202535485
                        ],
                        "Exponents": [
                            3.42525091,
                            0.62391373,
                            0.1688554
                        ],
                        "Shell": "s"
                    }
                ],
                "Coords": [
                    -4.620380227362108,
                    0.7761624150810955,
                    0.0
                ],
                "ElementLabel": "H",
                "ElementNumber": 1,
                "Idx": 4,
                "NuclearCharge": 1.0
            }
        ],
        "BaseName": "04_ch4_sto3g_rhf",
        "Charge": 0,
        "CoordinateUnits": "Bohrs",
        "H-Matrix": [
            [
                -19.739851946945386,
                -4.769437291856668,
                0.0,
                -1.9398623712781652e-09,
                7.0921179986048676e-09,
                -1.263136453595108,
                -1.2631364610843767,
                -1.2631364610843767,
                -1.2631364503671219
            ],
            [
                -4.769437291856668,
                -6.634896845353607,
                0.0,
                -1.9344038073749223e-08,
                7.195106026984848e-08,
                -2.942340117433505,
                -2.9423400984717447,
                -2.9423400984717447,
                -2.942340085949198
            ],
            [
                0.0,
                0.0,
                -5.5877113734328,
                0.0,
                0.0,
                0.0,
                -1.9541225236438877,
                1.9541225236438877,
                0.0
            ],
            [
                -1.9398623712781652e-09,
                -1.9344038073749223e-08,
                0.0,
                -5.587711316906975,
                4.4244273385139906e-08,
                -0.797739679608008,
                -0.7977808404560285,
                -0.7977808404560283,
                2.393301071754563
            ],
            [
                7.0921179986048676e-09,
                7.195106026984848e-08,
                0.0,
                4.4244273385139906e-08,
                -5.587711233857294,
                2.256435602581608,
                -1.1282025240752007,
                -1.1282025240752007,
                -2.9466403524652564e-05
            ],
            [
                -1.263136453595108,
                -2.942340117433505,
                0.0,
                -0.797739679608008,
                2.256435602581608,
                -4.272045201573839,
                -0.9835351816415867,
                -0.9835351816415867,
                -0.983534776156804
            ],
            [
                -1.2631364610843767,
                -2.9423400984717447,
                -1.9541225236438877,
                -0.7977808404560285,
                -1.1282025240752007,
                -0.9835351816415867,
                -4.272045144635735,
                -0.9835345119559267,
                -0.9835349522464367
            ],
            [
                -1.2631364610843767,
                -2.9423400984717447,
                1.9541225236438877,
                -0.7977808404560283,
                -1.1282025240752007,
                -0.9835351816415867,
                -0.9835345119559267,
                -4.272045144635735,
                -0.9835349522464367
            ],
            [
                -1.2631364503671219,
                -2.942340085949198,
                0.0,
                2.393301071754563,
                -2.9466403524652564e-05,
                -0.983534776156804,
                -0.9835349522464367,
                -0.9835349522464367,
                -4.272045140527386
            ]
        ],
        "HFTyp": "RHF",
        "MolecularOrbitals": {
            "EnergyUnit": "Eh",
            "MOs": [
                {
                    "MOCoefficients": [
                        0.9918639079622632,
                        0.038981730258449615,
                        -2.7334398080675764e-16,
                        9.309757004722256e-10,
                        -2.084607874533019e-09,
                        -0.007168386569991074,
                        -0.00716838600644855,
                        -0.007168386006449447,
                        -0.00716838597112091
                    ],
                    "Occupancy": 2.0,
                    "OrbitalEnergy": -11.028580105840144
                },
                {
                    "MOCoefficients": [
                        -0.22196306981893688,
                        0.6240128478134753,
                        -5.625520689047931e-16,
                        9.383814464973495e-09,
                        5.445229773854638e-09,
                        0.180177966020178,
                        0.18017800780689244,
                        0.18017800780689158,
                        0.18017799477028323
                    ],
                    "Occupancy": 2.0,
                    "OrbitalEnergy": -0.9188849661904328
                },
                {
                    "MOCoefficients": [
                        -6.641074213111162e-17,
                        -3.6969909574925343e-17,
                        0.5736281903519066,
                        -2.3555334356396345e-09,
                        -6.757876474007613e-10,
                        -1.3384038442843204e-10,
                        0.4234909893005632,
                        -0.42349099129657025,
                        2.129847439074256e-09
                    ],
                    "Occupancy": 2.0,
                    "OrbitalEnergy": -0.5256832262524237
                },
                {
                    "MOCoefficients": [
                        6.140778805303988e-09,
                        -3.2577262672666694e-08,
                        2.0751325714324304e-09,
                        0.5510558479228959,
                        -0.15933226875153184,
                        0.3019083002419522,
                        0.09817612144715414,
                        0.09817611838312736,
                        -0.4982605119628086
                    ],
                    "Occupancy": 2.0,
                    "OrbitalEnergy": -0.525683156499189
                },
                {
                    "MOCoefficients": [
                        -2.0104754989583928e-09,
                        1.9708366922840088e-08,
                        1.303473889025265e-09,
                        0.15933227611256845,
                        0.5510558866606416,
                        -0.421744430757237,
                        0.2829024245380198,
                        0.28290242261341014,
                        -0.1440604627096007
                    ],
                    "Occupancy": 2.0,
                    "OrbitalEnergy": -0.5256830460900457
                },
                {
                    "MOCoefficients": [
                        3.469603169461014e-07,
                        -2.2673616486760016e-06,
                        -8.465256767296846e-10,
                        -0.5150843843924918,
                        -0.9895585458520354,
                        -0.7370979915501722,
                        0.6179061686565086,
                        0.6179061673180517,
                        -0.4987107076125318
                    ],
                    "Occupancy": 0.0,
                    "OrbitalEnergy": 0.7309323220259846
                },
                {
                    "MOCoefficients": [
                        -2.9551630321583397e-07,
                        1.9266456182219667e-06,
                        -2.1321068677727182e-08,
                        -0.9895587529648079,
                        0.5150844496184938,
                        0.7895666500281248,
                        0.08428188727843958,
                        0.08428185356719856,
                        -0.9581334789066632
                    ],
                    "Occupancy": 0.0,
                    "OrbitalEnergy": 0.7309325324633901
                },
                {
                    "MOCoefficients": [
                        3.821080749658014e-15,
                        -2.5963868114364386e-14,
                        1.115588937657449,
                        -1.930324039116371e-08,
                        9.09337119860732e-09,
                        1.4530861035244617e-08,
                        -0.8819416631674303,
                        0.8819416673268112,
                        -1.869019805599861e-08
                    ],
                    "Occupancy": 0.0,
                    "OrbitalEnergy": 0.7309325601661611
                },
                {
                    "MOCoefficients": [
                        0.2534646499330154,
                        -1.6678009538597107,
                        -4.0984366672169415e-14,
                        -4.850341642343529e-07,
                        2.0810504169959206e-06,
                        0.6768097898872594,
                        0.6768071350537757,
                        0.6768071350537109,
                        0.6768074469900257
                    ],
                    "Occupancy": 0.0,
                    "OrbitalEnergy": 0.7811046762828878
                }
            ],
            "OrbitalLabels": [
                "0C   1s",
                "0C   2s",
                "0C   1pz",
                "0C   1px",
                "0C   1py",
                "1H   1s",
                "2H   1s",
                "3H   1s",
                "4H   1s"
            ]
        },
        "Multiplicity": 1,
        "S-Matrix": [
            [
                1.0000000000000002,
                0.24836239031011145,
                0.0,
                -1.7253717496947094e-16,
                -1.8202452577880318e-17,
                0.06525275454191111,
                0.06525275498459034,
                0.06525275498459034,
                0.06525275442549346
            ],
            [
                0.24836239031011145,
                1.0,
                0.0,
                3.0179598031422867e-16,
                -7.821072526076528e-17,
                0.5023191131680057,
                0.502319114856166,
                0.502319114856166,
                0.5023191127240462
            ],
            [
                0.0,
                0.0,
                0.9999999999999999,
                0.0,
                0.0,
                0.0,
                0.3870583639357127,
                -0.3870583639357127,
                0.0
            ],
            [
                -1.7253717496947094e-16,
                3.0179598031422867e-16,
                0.0,
                0.9999999999999999,
                -2.923898109971835e-32,
                0.15801046470930255,
                0.15801862173956577,
                0.15801862173956577,
                -0.47404765735634513
            ],
            [
                -1.8202452577880318e-17,
                -7.821072526076528e-17,
                0.0,
                -2.923898109971835e-32,
                0.9999999999999999,
                -0.446938334407879,
                0.22346615119820057,
                0.22346615119820057,
                5.839203854152918e-06
            ],
            [
                0.06525275454191111,
                0.5023191131680057,
                0.0,
                0.15801046470930255,
                -0.446938334407879,
                1.0,
                0.17799620453809534,
                0.17799620453809534,
                0.17799611859151276
            ],
            [
                0.06525275498459034,
                0.502319114856166,
                0.3870583639357127,
                0.15801862173956577,
                0.22346615119820057,
                0.17799620453809534,
                1.0,
                0.17799606374336546,
                0.17799615738486435
            ],
            [
                0.06525275498459034,
                0.502319114856166,
                -0.3870583639357127,
                0.15801862173956577,
                0.22346615119820057,
                0.17799620453809534,
                0.17799606374336546,
                1.0,
                0.17799615738486435
            ],
            [
                0.06525275442549346,
                0.5023191127240462,
                0.0,
                -0.47404765735634513,
                5.839203854152918e-06,
                0.17799611859151276,
                0.17799615738486435,
                0.17799615738486435,
                1.0
            ]
        ],
        "T-Matrix": [
            [
                15.891121688446425,
                -0.08589001370498858,
                0.0,
                1.339397685808931e-16,
                3.782345544636897e-16,
                -0.00973701991525505,
                -0.009737019787955343,
                -0.009737019787955343,
                -0.009737019948732962
            ],
            [
                -0.08589001370498858,
                0.47224997337183816,
                0.0,
                1.6187808402067275e-16,
                -4.9877973233321626e-17,
                0.1135092643119368,
                0.11350926529518796,
                0.11350926529518796,
                0.1135092640533572
            ],
            [
                0.0,
                0.0,
                1.477728077807875,
                0.0,
                0.0,
                0.0,
                0.22341470381814732,
                -0.22341470381814732,
                0.0
            ],
            [
                1.339397685808931e-16,
                1.6187808402067275e-16,
                0.0,
                1.4777280778078754,
                -7.847275390846416e-33,
                0.09120552427943131,
                0.09121023303751835,
                0.09121023303751835,
                -0.27362595983397553
            ],
            [
                3.782345544636897e-16,
                -4.9877973233321626e-17,
                0.0,
                -7.847275390846416e-33,
                1.4777280778078754,
                -0.2579781357218332,
                0.12898732758457987,
                0.12898732758457987,
                3.3704580846841296e-06
            ],
            [
                -0.00973701991525505,
                0.1135092643119368,
                0.0,
                0.09120552427943131,
                -0.2579781357218332,
                0.7600318835666087,
                -0.004477748335424941,
                -0.004477748335424941,
                -0.004477759513728087
            ],
            [
                -0.009737019787955343,
                0.11350926529518796,
                0.22341470381814732,
                0.09121023303751835,
                0.12898732758457987,
                -0.004477748335424941,
                0.7600318835666087,
                -0.004477766647331441,
                -0.004477754468224993
            ],
            [
                -0.009737019787955343,
                0.11350926529518796,
                -0.22341470381814732,
                0.09121023303751835,
                0.12898732758457987,
                -0.004477748335424941,
                -0.004477766647331441,
                0.7600318835666087,
                -0.004477754468224993
            ],
            [
                -0.009737019948732962,
                0.1135092640533572,
                0.0,
                -0.27362595983397553,
                3.3704580846841296e-06,
                -0.004477759513728087,
                -0.004477754468224993,
                -0.004477754468224993,
                0.7600318835666087
            ]
        ]
    },
    "ORCA Header": {
        "Version": "5.0 - current"
    }
}
