{
    "Molecule": {
        "Atoms": [
            {
                "BasisFunctions": [
                    {
                        "Coefficients": [
                            0.1543289687231565,
                            0.5353281355709528,
                            0.44463453632130806
                        ],
                        "Exponents": [
                            130.70932,
                            23.808861,
                            6.4436083
                        ],
                        "Shell": "s"
                    },
                    {
                        "Coefficients": [
                            -0.09996722865667348,
                            0.39951282463147886,
                            0.7001154605920801
                        ],
                        "Exponents": [
                            5.0331513,
                            1.1695961,
                            0.380389
                        ],
                        "Shell": "s"
                    },
                    {
                        "Coefficients": [
                            0.1559162684781562,
                            0.6076837140686133,
                            0.39195738617424203
                        ],
                        "Exponents": [
                            5.0331513,
                            1.1695961,
                            0.380389
                        ],
                        "Shell": "p"
                    }
                ],
                "Coords": [
                    -0.0,
                    -0.20940410558494568,
                    0.0
                ],
                "ElementLabel": "O",
                "ElementNumber": 8,
                "Idx": 0,
                "NuclearCharge": 8.0
            },
            {
                "BasisFunctions": [
                    {
                        "Coefficients": [
                            0.1543289707029839,
                            0.5353281424384732,
                            0.44463454202535485
                        ],
                        "Exponents": [
                            3.42525091,
                            0.62391373,
                            0.1688554
                        ],
                        "Shell": "s"
                    }
                ],
                "Coords": [
                    1.4814997276971722,
                    0.8376164034425212,
                    0.0
                ],
                "ElementLabel": "H",
                "ElementNumber": 1,
                "Idx": 1,
                "NuclearCharge": 1.0
            },
            {
                "BasisFunctions": [
                    {
                        "Coefficients": [
                            0.1543289707029839,
                            0.5353281424384732,
                            0.44463454202535485
                        ],
                        "Exponents": [
                            3.42525091,
                            0.62391373,
                            0.1688554
                        ],
                        "Shell": "s"
                    }
                ],
                "Coords": [
                    -1.4814997276971722,
                    0.8376164034425212,
                    0.0
                ],
                "ElementLabel": "H",
                "ElementNumber": 1,
                "Idx": 2,
                "NuclearCharge": 1.0
            }
        ],
        "BaseName": "04_h2o_sto3g",
        "Charge": 0,
        "CoordinateUnits": "Bohrs",
        "H-Matrix": [
            [
                -32.71770747488413,
                -7.612045234131202,
                0.0,
                0.0,
                -0.017814333853820252,
                -1.73773813023656,
                -1.73773813023656
            ],
            [
                -7.612045234131202,
                -9.331899884478732,
                0.0,
                0.0,
                -0.2097567675053969,
                -3.7188679895872854,
                -3.7188679895872854
            ],
            [
                0.0,
                0.0,
                -7.455270795583318,
                0.0,
                0.0,
                0.0,
                0.0
            ],
            [
                0.0,
                0.0,
                0.0,
                -7.620902464678478,
                0.0,
                -2.0892247746721444,
                2.0892247746721444
            ],
            [
                -0.017814333853820252,
                -0.2097567675053969,
                0.0,
                0.0,
                -7.537998429592498,
                -1.5417472999653756,
                -1.5417472999653756
            ],
            [
                -1.73773813023656,
                -3.7188679895872854,
                0.0,
                -2.0892247746721444,
                -1.5417472999653756,
                -5.054297191557989,
                -1.4990856301787112
            ],
            [
                -1.73773813023656,
                -3.7188679895872854,
                0.0,
                2.0892247746721444,
                -1.5417472999653756,
                -1.4990856301787112,
                -5.054297191557989
            ]
        ],
        "HFTyp": "RHF",
        "MolecularOrbitals": {
            "EnergyUnit": "Eh",
            "MOs": [
                {
                    "MOCoefficients": [
                        -0.9941241151848693,
                        -0.026564915077216717,
                        1.4258289609005035e-16,
                        8.97034764640581e-17,
                        -0.0041516378297191325,
                        0.005971201944783891,
                        0.005971201944783205
                    ],
                    "Occupancy": 2.0,
                    "OrbitalEnergy": -20.234488641639597
                },
                {
                    "MOCoefficients": [
                        -0.23325580545164906,
                        0.8354017888124186,
                        -1.8169417465019764e-16,
                        2.887718166077984e-17,
                        0.12324967726454637,
                        0.1595459806124358,
                        0.15954598061243755
                    ],
                    "Occupancy": 2.0,
                    "OrbitalEnergy": -1.260753273481389
                },
                {
                    "MOCoefficients": [
                        -1.1825442784988731e-16,
                        6.782297336696144e-17,
                        -1.0800751278471618e-15,
                        0.5996860452007676,
                        1.474102937738998e-15,
                        0.44236404205508395,
                        -0.44236404205508356
                    ],
                    "Occupancy": 2.0,
                    "OrbitalEnergy": -0.6239632574394465
                },
                {
                    "MOCoefficients": [
                        -0.0997841441052763,
                        0.5205641888771606,
                        6.3069739836298765e-15,
                        1.3207078329884726e-15,
                        -0.7917681625464228,
                        -0.27315356069867996,
                        -0.27315356069868035
                    ],
                    "Occupancy": 2.0,
                    "OrbitalEnergy": -0.4404478400062623
                },
                {
                    "MOCoefficients": [
                        7.864820990988187e-16,
                        -4.353538468361811e-15,
                        1.0,
                        6.257916151173549e-16,
                        3.908358456070382e-15,
                        3.0480253609994805e-15,
                        2.4920298724617292e-15
                    ],
                    "Occupancy": 2.0,
                    "OrbitalEnergy": -0.386941959472017
                },
                {
                    "MOCoefficients": [
                        0.1342103711205635,
                        -0.8908768016686058,
                        -1.6384851160916153e-15,
                        -8.753194679959534e-15,
                        -0.714005532068024,
                        0.800033727882983,
                        0.8000337278829673
                    ],
                    "Occupancy": 0.0,
                    "OrbitalEnergy": 0.5928972723326381
                },
                {
                    "MOCoefficients": [
                        1.4383734186250012e-15,
                        -9.242935510099256e-15,
                        1.2287593973084032e-16,
                        1.0030461979114051,
                        -5.925225834583349e-15,
                        -0.8332724114754462,
                        0.8332724114754625
                    ],
                    "Occupancy": 0.0,
                    "OrbitalEnergy": 0.754200647607491
                }
            ],
            "OrbitalLabels": [
                "0O   1s",
                "0O   2s",
                "0O   1pz",
                "0O   1px",
                "0O   1py",
                "1H   1s",
                "2H   1s"
            ]
        },
        "Multiplicity": 1,
        "S-Matrix": [
            [
                1.0,
                0.23670393651084753,
                0.0,
                0.0,
                -3.675198676905805e-18,
                0.05362008562301027,
                0.05362008562301027
            ],
            [
                0.23670393651084753,
                0.9999999999999999,
                0.0,
                0.0,
                -2.4674454430801895e-17,
                0.472970917092981,
                0.472970917092981
            ],
            [
                0.0,
                0.0,
                1.0000000000000002,
                0.0,
                0.0,
                0.0,
                0.0
            ],
            [
                0.0,
                0.0,
                0.0,
                1.0000000000000002,
                0.0,
                0.32051274319558815,
                -0.32051274319558815
            ],
            [
                -3.675198676905805e-18,
                -2.4674454430801895e-17,
                0.0,
                0.0,
                1.0000000000000002,
                0.22651601566748975,
                0.22651601566748975
            ],
            [
                0.05362008562301027,
                0.472970917092981,
                0.0,
                0.32051274319558815,
                0.22651601566748975,
                1.0,
                0.23276362527304384
            ],
            [
                0.05362008562301027,
                0.472970917092981,
                0.0,
                -0.32051274319558815,
                0.22651601566748975,
                0.23276362527304384,
                1.0
            ]
        ],
        "T-Matrix": [
            [
                29.00319994553957,
                -0.16801093931649214,
                0.0,
                0.0,
                9.679721556586087e-17,
                -0.0027064344496772162,
                -0.0027064344496772162
            ],
            [
                -0.16801093931649214,
                0.8081279549303474,
                0.0,
                0.0,
                -2.2648026405581816e-17,
                0.12726865148568378,
                0.12726865148568378
            ],
            [
                0.0,
                0.0,
                2.5287311981947633,
                0.0,
                0.0,
                0.0,
                0.0
            ],
            [
                0.0,
                0.0,
                0.0,
                2.528731198194763,
                0.0,
                0.230395136026245,
                -0.230395136026245
            ],
            [
                9.679721556586087e-17,
                -2.2648026405581816e-17,
                0.0,
                0.0,
                2.528731198194763,
                0.1628271865932871,
                0.1628271865932871
            ],
            [
                -0.0027064344496772162,
                0.12726865148568378,
                0.0,
                0.230395136026245,
                0.1628271865932871,
                0.7600318835666087,
                0.004480253664634826
            ],
            [
                -0.0027064344496772162,
                0.12726865148568378,
                0.0,
                -0.230395136026245,
                0.1628271865932871,
                0.004480253664634826,
                0.7600318835666087
            ]
        ]
    },
    "ORCA Header": {
        "Version": "5.0 - current"
    }
}
