{
    "Molecule": {
        "Atoms": [
            {
                "BasisFunctions": [
                    {
                        "Coefficients": [
                            0.15432897032795143,
                            0.5353281411375804,
                            0.44463454094485516
                        ],
                        "Exponents": [
                            99.106169,
                            18.052312,
                            4.8856602
                        ],
                        "Shell": "s"
                    },
                    {
                        "Coefficients": [
                            -0.09996722844369732,
                            0.3995128237803328,
                            0.7001154591005123
                        ],
                        "Exponents": [
                            3.7804559,
                            0.8784966,
                            0.2857144
                        ],
                        "Shell": "s"
                    },
                    {
                        "Coefficients": [
                            0.1559162685362222,
                            0.6076837142949256,
                            0.39195738632021393
                        ],
                        "Exponents": [
                            3.7804559,
                            0.8784966,
                            0.2857144
                        ],
                        "Shell": "p"
                    }
                ],
                "Coords": [
                    -4.8601142659915455,
                    0.4636291329370732,
                    0.04793007288254368
                ],
                "ElementLabel": "N",
                "ElementNumber": 7,
                "Idx": 0,
                "NuclearCharge": 7.0
            },
            {
                "BasisFunctions": [
                    {
                        "Coefficients": [
                            0.15432897032795143,
                            0.5353281411375804,
                            0.44463454094485516
                        ],
                        "Exponents": [
                            99.106169,
                            18.052312,
                            4.8856602
                        ],
                        "Shell": "s"
                    },
                    {
                        "Coefficients": [
                            -0.09996722844369732,
                            0.3995128237803328,
                            0.7001154591005123
                        ],
                        "Exponents": [
                            3.7804559,
                            0.8784966,
                            0.2857144
                        ],
                        "Shell": "s"
                    },
                    {
                        "Coefficients": [
                            0.1559162685362222,
                            0.6076837142949256,
                            0.39195738632021393
                        ],
                        "Exponents": [
                            3.7804559,
                            0.8784966,
                            0.2857144
                        ],
                        "Shell": "p"
                    }
                ],
                "Coords": [
                    -1.8161747911165658,
                    0.7857632997489585,
                    -0.12740565663209422
                ],
                "ElementLabel": "N",
                "ElementNumber": 7,
                "Idx": 1,
                "NuclearCharge": 7.0
            },
            {
                "BasisFunctions": [
                    {
                        "Coefficients": [
                            0.1543289687231565,
                            0.5353281355709528,
                            0.44463453632130806
                        ],
                        "Exponents": [
                            130.70932,
                            23.808861,
                            6.4436083
                        ],
                        "Shell": "s"
                    },
                    {
                        "Coefficients": [
                            -0.09996722865667348,
                            0.39951282463147886,
                            0.7001154605920801
                        ],
                        "Exponents": [
                            5.0331513,
                            1.1695961,
                            0.380389
                        ],
                        "Shell": "s"
                    },
                    {
                        "Coefficients": [
                            0.1559162684781562,
                            0.6076837140686133,
                            0.39195738617424203
                        ],
                        "Exponents": [
                            5.0331513,
                            1.1695961,
                            0.380389
                        ],
                        "Shell": "p"
                    }
                ],
                "Coords": [
                    -1.0928336511060954,
                    3.047647573527421,
                    -0.18540691863784486
                ],
                "ElementLabel": "O",
                "ElementNumber": 8,
                "Idx": 2,
                "NuclearCharge": 8.0
            },
            {
                "BasisFunctions": [
                    {
                        "Coefficients": [
                            0.1543289687231565,
                            0.5353281355709528,
                            0.44463453632130806
                        ],
                        "Exponents": [
                            130.70932,
                            23.808861,
                            6.4436083
                        ],
                        "Shell": "s"
                    },
                    {
                        "Coefficients": [
                            -0.09996722865667348,
                            0.39951282463147886,
                            0.7001154605920801
                        ],
                        "Exponents": [
                            5.0331513,
                            1.1695961,
                            0.380389
                        ],
                        "Shell": "s"
                    },
                    {
                        "Coefficients": [
                            0.1559162684781562,
                            0.6076837140686133,
                            0.39195738617424203
                        ],
                        "Exponents": [
                            5.0331513,
                            1.1695961,
                            0.380389
                        ],
                        "Shell": "p"
                    }
                ],
                "Coords": [
                    -0.6350581105629979,
                    -1.2745759023294843,
                    -0.17910420825718695
                ],
                "ElementLabel": "O",
                "ElementNumber": 8,
                "Idx": 3,
                "NuclearCharge": 8.0
            },
            {
                "BasisFunctions": [
                    {
                        "Coefficients": [
                            0.1543289687231565,
                            0.5353281355709528,
                            0.44463453632130806
                        ],
                        "Exponents": [
                            130.70932,
                            23.808861,
                            6.4436083
                        ],
                        "Shell": "s"
                    },
                    {
                        "Coefficients": [
                            -0.09996722865667348,
                            0.39951282463147886,
                            0.7001154605920801
                        ],
                        "Exponents": [
                            5.0331513,
                            1.1695961,
                            0.380389
                        ],
                        "Shell": "s"
                    },
                    {
                        "Coefficients": [
                            0.1559162684781562,
                            0.6076837140686133,
                            0.39195738617424203
                        ],
                        "Exponents": [
                            5.0331513,
                            1.1695961,
                            0.380389
                        ],
                        "Shell": "p"
                    }
                ],
                "Coords": [
                    -6.041230538731328,
                    2.523968392724879,
                    0.09963546383669902
                ],
                "ElementLabel": "O",
                "ElementNumber": 8,
                "Idx": 4,
                "NuclearCharge": 8.0
            },
            {
                "BasisFunctions": [
                    {
                        "Coefficients": [
                            0.1543289687231565,
                            0.5353281355709528,
                            0.44463453632130806
                        ],
                        "Exponents": [
                            130.70932,
                            23.808861,
                            6.4436083
                        ],
                        "Shell": "s"
                    },
                    {
                        "Coefficients": [
                            -0.09996722865667348,
                            0.39951282463147886,
                            0.7001154605920801
                        ],
                        "Exponents": [
                            5.0331513,
                            1.1695961,
                            0.380389
                        ],
                        "Shell": "s"
                    },
                    {
                        "Coefficients": [
                            0.1559162684781562,
                            0.6076837140686133,
                            0.39195738617424203
                        ],
                        "Exponents": [
                            5.0331513,
                            1.1695961,
                            0.380389
                        ],
                        "Shell": "p"
                    }
                ],
                "Coords": [
                    -5.583455785218686,
                    -1.7982551962827418,
                    0.10592450049103899
                ],
                "ElementLabel": "O",
                "ElementNumber": 8,
                "Idx": 5,
                "NuclearCharge": 8.0
            }
        ],
        "BaseName": "01_n2o4",
        "Charge": 0,
        "CoordinateUnits": "Bohrs",
        "H-Matrix": [
            [
                -36.71176935702939,
                -8.503226847705784,
                0.0009033520172587383,
                -0.015682783329061634,
                -0.0016596790180703478,
                -2.6040802157491797e-09,
                -0.41128269250146715,
                -0.042770419093680394,
                0.7425216033807807,
                0.0785796104046243,
                0.0,
                -0.0036169280939337446,
                -0.0005459054716943622,
                0.008813735835978624,
                0.006045737526038833,
                0.0,
                -0.0036169279110986425,
                -0.0005311590688520698,
                0.009884786477653014,
                -0.004066909136504183,
                -2.9969187709358047e-06,
                -0.8779141422998051,
                0.032608673388727666,
                -0.7447320235011421,
                1.2982069908215879,
                -2.9969182715431353e-06,
                -0.8779141212394884,
                0.03657151297889165,
                -0.45627949466427314,
                -1.4253076693997409
            ],
            [
                -8.503226847705784,
                -18.735225287200784,
                0.013027118405469051,
                -0.22615927590459156,
                -0.023934001906730413,
                -0.41128269253225824,
                -3.398233172349315,
                -0.2410895992863997,
                4.185468361427628,
                0.442939937863561,
                -0.015252487294160217,
                -0.3323342195538779,
                -0.025541554112222115,
                0.4092463484099236,
                0.30662387151040943,
                -0.015252486699529735,
                -0.3323342117843414,
                -0.024782113656875628,
                0.4644043781721168,
                -0.21416711349238116,
                -1.0953836916084003,
                -5.50357262919436,
                0.13070727953727307,
                -2.955613905026302,
                4.979090767469072,
                -1.0953836698406376,
                -5.5035725533119475,
                0.1459363479818908,
                -1.8470934304626243,
                -5.48735186947537
            ],
            [
                0.0009033520172587383,
                0.013027118405469051,
                -16.797780830031478,
                0.036417311555301424,
                0.005474707239066219,
                0.04277041909494796,
                0.24108959893404935,
                -1.4703451231664713,
                -0.33856391939276664,
                -0.03572466271986598,
                0.002053254455732116,
                0.029751767053587463,
                -0.10663775156873706,
                -0.03840031713461915,
                -0.02904060582521242,
                0.0019978430355310677,
                0.029002456293517453,
                -0.10676988035391635,
                -0.042510594943333896,
                0.01987328285166238,
                -0.039567319987883036,
                -0.13822781557714142,
                -2.6539174995893906,
                -0.08756015201856128,
                0.1540117839736142,
                -0.044383513555837084,
                -0.1556505498503471,
                -2.652888699238337,
                -0.06042890771862501,
                -0.18995341378409536
            ],
            [
                -0.015682783329061634,
                -0.22615927590459156,
                0.036417311555301424,
                -17.44320066355612,
                0.04943507700683189,
                -0.7425216034399836,
                -4.185468361303036,
                -0.3385639198198124,
                4.386848677966666,
                0.6295461009803895,
                -0.03315250361359585,
                -0.48279289165805656,
                -0.03885905115823263,
                0.5128409406572964,
                0.47221629874110116,
                -0.0371771136309088,
                -0.5372176297935634,
                -0.04205185912951041,
                0.6794504889162033,
                -0.36687939470201797,
                0.904003391787609,
                3.1850485341966004,
                -0.08894007768020419,
                -0.6274048702135394,
                -3.5338737492615753,
                0.5534358431576064,
                1.9168644965443355,
                -0.05904899439935424,
                -1.927406148346183,
                2.3498482071889684
            ],
            [
                -0.0016596790180703478,
                -0.023934001906730413,
                0.005474707239066219,
                0.04943507700683189,
                -17.904213248712583,
                -0.07857961041582025,
                -0.44293993874532545,
                -0.03572466282886776,
                0.6295461020881432,
                -1.4952348904065977,
                -0.02272120430305516,
                -0.3109065784438964,
                -0.02555445235404742,
                0.4108514226643142,
                0.1871141954930999,
                0.01527835739152275,
                0.20296084873980053,
                0.01638710270906791,
                -0.30551452108461974,
                0.020636766585363057,
                -1.577877559073572,
                -5.717015277744008,
                0.16450335846034356,
                -3.7185480000593767,
                3.5990379656480287,
                1.7321154806534054,
                6.256940726596087,
                -0.20044482541788453,
                2.5345224661516315,
                4.898010500877521
            ],
            [
                -2.6040802157491797e-09,
                -0.41128269253225824,
                0.04277041909494796,
                -0.7425216034399836,
                -0.07857961041582025,
                -36.71176936129493,
                -8.503226848708344,
                -0.0009033522315629211,
                0.015682782621449332,
                0.0016596783997055741,
                -2.996918324295659e-06,
                -0.8779141235871047,
                -0.036575819731790374,
                0.45627925707879385,
                1.4253076387995476,
                -2.9969186261007428e-06,
                -0.8779141362927512,
                -0.03260436339137377,
                0.7447322746055224,
                -1.298206944258423,
                0.0,
                -0.003616928091627932,
                0.0005311751083603535,
                -0.009884786016779104,
                0.004066909474763221,
                0.0,
                -0.0036169281527779424,
                0.0005458894791225441,
                -0.008813736867437187,
                -0.006045737754367674
            ],
            [
                -0.41128269250146715,
                -3.398233172349315,
                0.24108959893404935,
                -4.185468361303036,
                -0.44293993874532545,
                -8.503226848708344,
                -18.73522529162984,
                -0.013027121061761935,
                0.22615926709321219,
                0.02393399467689114,
                -1.0953836722973138,
                -5.5035725636406445,
                -0.14595298919189426,
                1.8470925098158144,
                5.487351746432104,
                -1.0953836851837173,
                -5.503572606951964,
                -0.13069062645327445,
                2.9556148818838945,
                -4.979090604187633,
                -0.015252487290538939,
                -0.33233421980916883,
                0.0247829554584373,
                -0.4644043399741039,
                0.2141671258200635,
                -0.015252487482733246,
                -0.3323342219389152,
                0.025540713708887903,
                -0.4092463982144605,
                -0.30662388058555456
            ],
            [
                -0.042770419093680394,
                -0.2410895992863997,
                -1.4703451231664713,
                -0.3385639198198124,
                -0.03572466282886776,
                -0.0009033522315629211,
                -0.013027121061761935,
                -16.797780843861865,
                0.0364169716774959,
                0.005477911620281136,
                0.04438874694751521,
                0.15566941044482438,
                -2.652887526665885,
                -0.06043650255490934,
                -0.18997621389257466,
                0.039562082649528624,
                0.13820894051926277,
                -2.6539185383569883,
                -0.08754793832068855,
                0.15399106079466068,
                -0.0019979032348685115,
                -0.02900325348205184,
                -0.10676974247180578,
                -0.04251177653908246,
                0.019873808249465264,
                -0.0020531944026229475,
                -0.029750971431031326,
                -0.10663789679978443,
                -0.03839927369290913,
                -0.029039846622730025
            ],
            [
                0.7425216033807807,
                4.185468361427628,
                -0.33856391939276664,
                4.386848677966666,
                0.6295461020881432,
                0.015682782621449332,
                0.22615926709321219,
                0.0364169716774959,
                -17.44320071303321,
                0.0494352559998737,
                -0.5534355543371914,
                -1.916863455578502,
                -0.05905606462661639,
                -1.9274069698341127,
                2.3498468924353797,
                -0.904003697379455,
                -3.1850496462941553,
                -0.08892835532403175,
                -0.6274034379448746,
                -3.5338748668826763,
                0.037177111487202125,
                0.537217595803932,
                -0.0420532855805663,
                0.6794503515802384,
                -0.36687938495157196,
                0.03315250735719813,
                0.48279293942702783,
                -0.038857768595890914,
                0.512841074438494,
                0.4722163549948528
            ],
            [
                0.0785796104046243,
                0.442939937863561,
                -0.03572466271986598,
                0.6295461009803895,
                -1.4952348904065977,
                0.0016596783997055741,
                0.02393399467689114,
                0.005477911620281136,
                0.0494352559998737,
                -17.90421319870768,
                -1.7321154430517745,
                -6.2569405870456665,
                -0.20046773453101457,
                2.534521138642707,
                4.8980101438401205,
                1.5778775032005015,
                5.717015089887407,
                0.16448241943836356,
                -3.718549120385548,
                3.5990375889763504,
                -0.015278358491156474,
                -0.20296086080688497,
                0.01638762900509063,
                -0.30551450837891986,
                0.020636776174981438,
                0.022721205071544213,
                0.31090658729994036,
                -0.025553640863572858,
                0.4108514796431971,
                0.18711420979094515
            ],
            [
                0.0,
                -0.015252487294160217,
                0.002053254455732116,
                -0.03315250361359585,
                -0.02272120430305516,
                -2.996918324295659e-06,
                -1.0953836722973138,
                0.04438874694751521,
                -0.5534355543371914,
                -1.7321154430517745,
                -40.747772025890264,
                -9.512793123792754,
                -0.0037812167414316197,
                0.053464289900107285,
                0.09951269051017811,
                0.0,
                -0.006296338540107009,
                2.5565730575357555e-05,
                0.0019021617412618799,
                -0.01787641851415146,
                0.0,
                -0.0007291657451480748,
                0.00013639524816284676,
                -0.0023680386267501516,
                -0.0002491570687045576,
                0.0,
                -8.06049320404666e-07,
                1.534987470772461e-07,
                -2.36616276346379e-06,
                -2.552390973311751e-06
            ],
            [
                -0.0036169280939337446,
                -0.3323342195538779,
                0.029751767053587463,
                -0.48279289165805656,
                -0.3109065784438964,
                -0.8779141235871047,
                -5.5035725636406445,
                0.15566941044482438,
                -1.916863455578502,
                -6.2569405870456665,
                -9.512793123792754,
                -17.371375694414397,
                -0.04748923927513917,
                0.6718767352050075,
                1.246723050721616,
                -0.006296338540406246,
                -0.2871790640003924,
                -0.0006225625132175741,
                0.07327784083204517,
                -0.47362254780955765,
                -0.000729165745331785,
                -0.07686620241328697,
                0.007996051312317185,
                -0.13943760365311267,
                -0.009943573590829357,
                -8.060493202312483e-07,
                -0.0025367660746153328,
                0.0002541080572682763,
                -0.00391647838712535,
                -0.004229705189441013
            ],
            [
                -0.0005459054716943622,
                -0.025541554112222115,
                -0.10663775156873706,
                -0.03885905115823263,
                -0.02555445235404742,
                -0.036575819731790374,
                -0.14595298919189426,
                -2.652887526665885,
                -0.05905606462661639,
                -0.20046773453101457,
                -0.0037812167414316197,
                -0.04748923927513917,
                -15.351005572904928,
                0.010039437571241965,
                0.0134866446296413,
                -2.6572114519624045e-05,
                -0.002010900515617949,
                -0.09215869715312301,
                0.0008595151903134366,
                -0.0033291434335905954,
                -0.0001363994193603272,
                -0.008009916923187504,
                -0.023674510531715428,
                -0.015028871350389255,
                -0.0010788161259312821,
                -1.5349875391300228e-07,
                -0.00025410940986945075,
                -0.0006819936917416254,
                -0.00038762796795974104,
                -0.00042695363697481983
            ],
            [
                0.008813735835978624,
                0.4092463484099236,
                -0.03840031713461915,
                0.5128409406572964,
                0.4108514226643142,
                0.45627925707879385,
                1.8470925098158144,
                -0.06043650255490934,
                -1.9274069698341127,
                2.534521138642707,
                0.053464289900107285,
                0.6718767352050075,
                0.010039437571241965,
                -15.504883726318155,
                -0.1684720764696278,
                -0.0018846902808780138,
                -0.027559262429083152,
                0.0002894493466299289,
                -0.09057394998980275,
                -0.050583654952602836,
                0.002367735340541219,
                0.13842943006401656,
                -0.014896752550397555,
                0.23519750059735264,
                0.01883089492665279,
                2.3661627625681072e-06,
                0.0039164783094341035,
                -0.0003876258317213161,
                0.0052499921986073166,
                0.006582466052940464
            ],
            [
                0.006045737526038833,
                0.30662387151040943,
                -0.02904060582521242,
                0.47221629874110116,
                0.1871141954930999,
                1.4253076387995476,
                5.487351746432104,
                -0.18997621389257466,
                2.3498468924353797,
                4.8980101438401205,
                0.09951269051017811,
                1.246723050721616,
                0.0134866446296413,
                -0.1684720764696278,
                -15.87416076376029,
                0.017878267485569182,
                0.4784608559973742,
                0.001003321972178463,
                -0.1268453345020692,
                0.7376605311097082,
                0.00025202064360016425,
                0.0194625520456494,
                -0.002083129471731044,
                0.03650871832877195,
                -0.023332940749762093,
                2.552390972709202e-06,
                0.004229705178187385,
                -0.0004269513391358994,
                0.006582466167165644,
                0.006384213177934617
            ],
            [
                0.0,
                -0.015252486699529735,
                0.0019978430355310677,
                -0.0371771136309088,
                0.01527835739152275,
                -2.9969186261007428e-06,
                -1.0953836851837173,
                0.039562082649528624,
                -0.904003697379455,
                1.5778775032005015,
                0.0,
                -0.006296338540406246,
                -2.6572114519624045e-05,
                -0.0018846902808780138,
                0.017878267485569182,
                -40.74777202584303,
                -9.512793123781577,
                -0.003510505376677149,
                0.0731246097916802,
                -0.08611603422866564,
                0.0,
                -8.060492949997939e-07,
                1.468668109042337e-07,
                -2.8483732153243844e-06,
                2.000546723799145e-06,
                0.0,
                -0.0007291657155037815,
                0.00013639287284330639,
                -0.0023677356201029934,
                -0.0002520206874094841
            ],
            [
                -0.0036169279110986425,
                -0.3323342117843414,
                0.029002456293517453,
                -0.5372176297935634,
                0.20296084873980053,
                -0.8779141362927512,
                -5.503572606951964,
                0.13820894051926277,
                -3.1850496462941553,
                5.717015089887407,
                -0.006296338540107009,
                -0.2871790640003924,
                -0.002010900515617949,
                -0.027559262429083152,
                0.4784608559973742,
                -9.512793123781577,
                -17.371375694191677,
                -0.04409831756543077,
                0.918141077327616,
                -1.078454567448049,
                -8.060492951709955e-07,
                -0.002536766032787679,
                0.0002431178544849851,
                -0.004715677786778841,
                0.003316180866238232,
                -0.000729165715326214,
                -0.0768662006730529,
                0.008009532410169336,
                -0.13842944894568773,
                -0.019462554774415143
            ],
            [
                -0.0005311590688520698,
                -0.024782113656875628,
                -0.10676988035391635,
                -0.04205185912951041,
                0.01638710270906791,
                -0.03260436339137377,
                -0.13069062645327445,
                -2.6539185383569883,
                -0.08892835532403175,
                0.16448241943836356,
                2.5565730575357555e-05,
                -0.0006225625132175741,
                -0.09215869715312301,
                0.0002894493466299289,
                0.001003321972178463,
                -0.003510505376677149,
                -0.04409831756543077,
                -15.35093796780626,
                0.01190720470152445,
                -0.009751192905741099,
                -1.46866804062942e-07,
                -0.00024311650070943172,
                -0.0006841695378549024,
                -0.0004478421517307412,
                0.0003219268536723291,
                -0.00013638870164461327,
                -0.007995666789050535,
                -0.023674593033926078,
                -0.014896036147079334,
                -0.0020830293082924004
            ],
            [
                0.009884786477653014,
                0.4644043781721168,
                -0.042510594943333896,
                0.6794504889162033,
                -0.30551452108461974,
                0.7447322746055224,
                2.9556148818838945,
                -0.08754793832068855,
                -0.6274034379448746,
                -3.718549120385548,
                0.0019021617412618799,
                0.07327784083204517,
                0.0008595151903134366,
                -0.09057394998980275,
                -0.1268453345020692,
                0.0731246097916802,
                0.918141077327616,
                0.01190720470152445,
                -15.590110182435456,
                0.2293636166243168,
                2.8483732163318963e-06,
                0.00471567786123173,
                -0.00044784472345824896,
                0.007996571719142352,
                -0.006238535596948617,
                0.002368038906329866,
                0.1394376225161093,
                -0.015028149851611475,
                0.23519757783163478,
                0.036508729212779575
            ],
            [
                -0.004066909136504183,
                -0.21416711349238116,
                0.01987328285166238,
                -0.36687939470201797,
                0.020636766585363057,
                -1.298206944258423,
                -4.979090604187633,
                0.15399106079466068,
                -3.5338748668826763,
                3.5990375889763504,
                -0.01787641851415146,
                -0.47362254780955765,
                -0.0033291434335905954,
                -0.050583654952602836,
                0.7376605311097082,
                -0.08611603422866564,
                -1.078454567448049,
                -0.009751192905741099,
                0.2293636166243168,
                -15.789001911979824,
                -2.0005467241673087e-06,
                -0.0033161808562557366,
                0.00032192865456082587,
                -0.006238535478891809,
                0.0036398093468779213,
                0.00024915711263805547,
                0.009943576532981613,
                -0.0010787642953865892,
                0.018830903395721486,
                -0.02333293894349461
            ],
            [
                -2.9969187709358047e-06,
                -1.0953836916084003,
                -0.039567319987883036,
                0.904003391787609,
                -1.577877559073572,
                0.0,
                -0.015252487290538939,
                -0.0019979032348685115,
                0.037177111487202125,
                -0.015278358491156474,
                0.0,
                -0.000729165745331785,
                -0.0001363994193603272,
                0.002367735340541219,
                0.00025202064360016425,
                0.0,
                -8.060492951709955e-07,
                -1.46866804062942e-07,
                2.8483732163318963e-06,
                -2.0005467241673087e-06,
                -40.74777203522381,
                -9.512793126002041,
                0.003510824761429705,
                -0.07312459138685909,
                0.08611603707951876,
                0.0,
                -0.006296338347490621,
                2.651556011274728e-05,
                0.0018846869679930527,
                -0.017878267405374185
            ],
            [
                -0.8779141422998051,
                -5.50357262919436,
                -0.13822781557714142,
                3.1850485341966004,
                -5.717015277744008,
                -0.003616928091627932,
                -0.33233421980916883,
                -0.02900325348205184,
                0.537217595803932,
                -0.20296086080688497,
                -0.0007291657451480748,
                -0.07686620241328697,
                -0.008009916923187504,
                0.13842943006401656,
                0.0194625520456494,
                -8.060492949997939e-07,
                -0.002536766032787679,
                -0.00024311650070943172,
                0.00471567786123173,
                -0.0033161808562557366,
                -9.512793126002041,
                -17.371375703488305,
                0.0441023206642551,
                -0.9181408466147978,
                1.0784546030406006,
                -0.006296338344519876,
                -0.2871790594666916,
                0.002009394270157375,
                0.02755917533189046,
                -0.47846086049438086
            ],
            [
                0.032608673388727666,
                0.13070727953727307,
                -2.6539174995893906,
                -0.08894007768020419,
                0.16450335846034356,
                0.0005311751083603535,
                0.0247829554584373,
                -0.10676974247180578,
                -0.0420532855805663,
                0.01638762900509063,
                0.00013639524816284676,
                0.007996051312317185,
                -0.023674510531715428,
                -0.014896752550397555,
                -0.002083129471731044,
                1.468668109042337e-07,
                0.0002431178544849851,
                -0.0006841695378549024,
                -0.00044784472345824896,
                0.00032192865456082587,
                0.003510824761429705,
                0.0441023206642551,
                -15.350938058990476,
                0.011908114770798556,
                -0.00975259618923897,
                -2.550917616229853e-05,
                0.0006240688252028495,
                -0.09215870318255541,
                0.00028929060052028735,
                0.001005961564535364
            ],
            [
                -0.7447320235011421,
                -2.955613905026302,
                -0.08756015201856128,
                -0.6274048702135394,
                -3.7185480000593767,
                -0.009884786016779104,
                -0.4644043399741039,
                -0.04251177653908246,
                0.6794503515802384,
                -0.30551450837891986,
                -0.0023680386267501516,
                -0.13943760365311267,
                -0.015028871350389255,
                0.23519750059735264,
                0.03650871832877195,
                -2.8483732153243844e-06,
                -0.004715677786778841,
                -0.0004478421517307412,
                0.007996571719142352,
                -0.006238535478891809,
                -0.07312459138685909,
                -0.9181408466147978,
                0.011908114770798556,
                -15.590110085276486,
                0.22936354284807509,
                -0.0019021584269601466,
                -0.07327775287454523,
                0.0008591170761339224,
                -0.0905739803388573,
                -0.12684518355837493
            ],
            [
                1.2982069908215879,
                4.979090767469072,
                0.1540117839736142,
                -3.5338737492615753,
                3.5990379656480287,
                0.004066909474763221,
                0.2141671258200635,
                0.019873808249465264,
                -0.36687938495157196,
                0.020636776174981438,
                -0.0002491570687045576,
                -0.009943573590829357,
                -0.0010788161259312821,
                0.01883089492665279,
                -0.023332940749762093,
                2.000546723799145e-06,
                0.003316180866238232,
                0.0003219268536723291,
                -0.006238535596948617,
                0.0036398093468779213,
                0.08611603707951876,
                1.0784546030406006,
                -0.00975259618923897,
                0.22936354284807509,
                -15.78900194579953,
                0.01787641842646084,
                0.47362255242396767,
                -0.0033265293109459456,
                -0.05058350497710428,
                0.7376605615283737
            ],
            [
                -2.9969182715431353e-06,
                -1.0953836698406376,
                -0.044383513555837084,
                0.5534358431576064,
