{
    "Molecule": {
        "Atoms": [
            {
                "BasisFunctions": [
                    {
                        "Coefficients": [
                            0.15432897000916185,
                            0.53532814003178,
                            0.4446345400263961
                        ],
                        "Exponents": [
                            71.616837,
                            13.045096,
                            3.5305122
                        ],
                        "Shell": "s"
                    },
                    {
                        "Coefficients": [
                            -0.09996723007596427,
                            0.39951283030358636,
                            0.7001154705320117
                        ],
                        "Exponents": [
                            2.9412494,
                            0.6834831,
                            0.2222899
                        ],
                        "Shell": "s"
                    },
                    {
                        "Coefficients": [
                            0.15591627210510742,
                            0.607683728204657,
                            0.39195739529202256
                        ],
                        "Exponents": [
                            2.9412494,
                            0.6834831,
                            0.2222899
                        ],
                        "Shell": "p"
                    }
                ],
                "Coords": [
                    -2.5983732640663693,
                    0.7761375084906504,
                    0.0
                ],
                "ElementLabel": "C",
                "ElementNumber": 6,
                "Idx": 0,
                "LoewdinCharge": -0.15542047578231433,
                "MullikenCharge": -0.27746865871483006,
                "NuclearCharge": 6.0
            },
            {
                "BasisFunctions": [
                    {
                        "Coefficients": [
                            0.1543289707029839,
                            0.5353281424384732,
                            0.44463454202535485
                        ],
                        "Exponents": [
                            3.42525091,
                            0.62391373,
                            0.1688554
                        ],
                        "Shell": "s"
                    }
                ],
                "Coords": [
                    -1.9243940669165813,
                    -1.1302371126704471,
                    0.0
                ],
                "ElementLabel": "H",
                "ElementNumber": 1,
                "Idx": 1,
                "LoewdinCharge": 0.03885511250193341,
                "MullikenCharge": 0.06936715713790265,
                "NuclearCharge": 1.0
            },
            {
                "BasisFunctions": [
                    {
                        "Coefficients": [
                            0.1543289707029839,
                            0.5353281424384732,
                            0.44463454202535485
                        ],
                        "Exponents": [
                            3.42525091,
                            0.62391373,
                            0.1688554
                        ],
                        "Shell": "s"
                    }
                ],
                "Coords": [
                    -1.9243592770584559,
                    1.729311950036227,
                    1.6509620714895021
                ],
                "ElementLabel": "H",
                "ElementNumber": 1,
                "Idx": 2,
                "LoewdinCharge": 0.038855121359636535,
                "MullikenCharge": 0.06936716758218653,
                "NuclearCharge": 1.0
            },
            {
                "BasisFunctions": [
                    {
                        "Coefficients": [
                            0.1543289707029839,
                            0.5353281424384732,
                            0.44463454202535485
                        ],
                        "Exponents": [
                            3.42525091,
                            0.62391373,
                            0.1688554
                        ],
                        "Shell": "s"
                    }
                ],
                "Coords": [
                    -1.9243592770584559,
                    1.729311950036227,
                    -1.6509620714895021
                ],
                "ElementLabel": "H",
                "ElementNumber": 1,
                "Idx": 3,
                "LoewdinCharge": 0.03885512135963354,
                "MullikenCharge": 0.06936716758218364,
                "NuclearCharge": 1.0
            },
            {
                "BasisFunctions": [
                    {
                        "Coefficients": [
                            0.1543289707029839,
                            0.5353281424384732,
                            0.44463454202535485
                        ],
                        "Exponents": [
                            3.42525091,
                            0.62391373,
                            0.1688554
                        ],
                        "Shell": "s"
                    }
                ],
                "Coords": [
                    -4.620380227362108,
                    0.7761624150810955,
                    0.0
                ],
                "ElementLabel": "H",
                "ElementNumber": 1,
                "Idx": 4,
                "LoewdinCharge": 0.03885512056111862,
                "MullikenCharge": 0.06936716641255769,
                "NuclearCharge": 1.0
            }
        ],
        "BaseName": "07_ch4_sto3g_uhf_cis",
        "Charge": 0,
        "CoordinateUnits": "Bohrs",
        "H-Matrix": [
            [
                -19.739851946945386,
                -4.769437291856668,
                0.0,
                -1.9398623712781652e-09,
                7.0921179986048676e-09,
                -1.263136453595108,
                -1.2631364610843767,
                -1.2631364610843767,
                -1.2631364503671219
            ],
            [
                -4.769437291856668,
                -6.634896845353607,
                0.0,
                -1.9344038073749223e-08,
                7.195106026984848e-08,
                -2.942340117433505,
                -2.9423400984717447,
                -2.9423400984717447,
                -2.942340085949198
            ],
            [
                0.0,
                0.0,
                -5.5877113734328,
                0.0,
                0.0,
                0.0,
                -1.9541225236438877,
                1.9541225236438877,
                0.0
            ],
            [
                -1.9398623712781652e-09,
                -1.9344038073749223e-08,
                0.0,
                -5.587711316906975,
                4.4244273385139906e-08,
                -0.797739679608008,
                -0.7977808404560285,
                -0.7977808404560283,
                2.393301071754563
            ],
            [
                7.0921179986048676e-09,
                7.195106026984848e-08,
                0.0,
                4.4244273385139906e-08,
                -5.587711233857294,
                2.256435602581608,
                -1.1282025240752007,
                -1.1282025240752007,
                -2.9466403524652564e-05
            ],
            [
                -1.263136453595108,
                -2.942340117433505,
                0.0,
                -0.797739679608008,
                2.256435602581608,
                -4.272045201573839,
                -0.9835351816415867,
                -0.9835351816415867,
                -0.983534776156804
            ],
            [
                -1.2631364610843767,
                -2.9423400984717447,
                -1.9541225236438877,
                -0.7977808404560285,
                -1.1282025240752007,
                -0.9835351816415867,
                -4.272045144635735,
                -0.9835345119559267,
                -0.9835349522464367
            ],
            [
                -1.2631364610843767,
                -2.9423400984717447,
                1.9541225236438877,
                -0.7977808404560283,
                -1.1282025240752007,
                -0.9835351816415867,
                -0.9835345119559267,
                -4.272045144635735,
                -0.9835349522464367
            ],
            [
                -1.2631364503671219,
                -2.942340085949198,
                0.0,
                2.393301071754563,
                -2.9466403524652564e-05,
                -0.983534776156804,
                -0.9835349522464367,
                -0.9835349522464367,
                -4.272045140527386
            ]
        ],
        "HFTyp": "UHF",
        "MolecularOrbitals": {
            "EnergyUnit": "Eh",
            "MOs": [
                {
                    "MOCoefficients": [
                        -0.9918640549210764,
                        -0.038981131231757324,
                        1.62397853171281e-16,
                        -5.018754968395487e-10,
                        1.8292857913399954e-09,
                        0.007168334014575594,
                        0.007168333589974185,
                        0.007168333589974803,
                        0.007168333593251947
                    ],
                    "Occupancy": 1.0,
                    "OrbitalEnergy": -11.028637220573792
                },
                {
                    "MOCoefficients": [
                        -0.22196305339458314,
                        0.6240156277770479,
                        7.721623842102378e-16,
                        1.1375761324931246e-08,
                        -4.073771908005851e-08,
                        0.1801768770309724,
                        0.18017686728614765,
                        0.1801768672861495,
                        0.1801768674877831
                    ],
                    "Occupancy": 1.0,
                    "OrbitalEnergy": -0.918907550868739
                },
                {
                    "MOCoefficients": [
                        1.426486164219219e-16,
                        -1.2154949601490502e-15,
                        0.5736255090241611,
                        4.021485153037617e-09,
                        -3.224688973104772e-09,
                        3.961043524948374e-09,
                        0.4234931098881276,
                        -0.42349311021291625,
                        -3.63625316453403e-09
                    ],
                    "Occupancy": 1.0,
                    "OrbitalEnergy": -0.5256957977113537
                },
                {
                    "MOCoefficients": [
                        -1.2861200667107265e-08,
                        4.690758490291936e-08,
                        4.967158910374545e-09,
                        -0.527152372386328,
                        0.22617829070537473,
                        -0.35169250990354456,
                        -0.062480045804178756,
                        -0.06248005313843394,
                        0.4766526143939934
                    ],
                    "Occupancy": 1.0,
                    "OrbitalEnergy": -0.5256957645335695
                },
                {
                    "MOCoefficients": [
                        -1.6316606352398545e-08,
                        5.818748054304727e-08,
                        1.3777810268963214e-09,
                        0.2261783093869181,
                        0.5271524189188561,
                        -0.38122439912199135,
                        0.29286425999504573,
                        0.29286425796068993,
                        -0.2045041132911602
                    ],
                    "Occupancy": 1.0,
                    "OrbitalEnergy": -0.5256956573367529
                },
                {
                    "MOCoefficients": [
                        -2.2880109000182914e-07,
                        1.4862129180175426e-06,
                        3.5734276639902846e-09,
                        0.4483747622315017,
                        1.0215190505018645,
                        0.7878015683534573,
                        -0.6109614363157874,
                        -0.6109614306657726,
                        0.43411893673914076
                    ],
                    "Occupancy": 0.0,
                    "OrbitalEnergy": 0.7309171789347324
                },
                {
                    "MOCoefficients": [
                        -1.919858111185538e-07,
                        1.2443421562422213e-06,
                        2.055233676068408e-08,
                        -1.0215192565976157,
                        0.4483748493194243,
                        0.7389829741035597,
                        0.12504519084959925,
                        0.1250452233452927,
                        -0.9890753708846324
                    ],
                    "Occupancy": 0.0,
                    "OrbitalEnergy": 0.730917389295521
                },
                {
                    "MOCoefficients": [
                        -7.144233615500952e-17,
                        -6.247122137382526e-16,
                        -1.1155903163737348,
                        -1.7383058988083245e-08,
                        1.1532437598999746e-08,
                        1.613763700008867e-08,
                        0.8819406477275953,
                        -0.8819406470342269,
                        -1.6831003410373895e-08
                    ],
                    "Occupancy": 0.0,
                    "OrbitalEnergy": 0.7309174550397414
                },
                {
                    "MOCoefficients": [
                        0.2534640892329249,
                        -1.6677999277277176,
                        1.8753817233234713e-14,
                        -4.0206368054340546e-07,
                        1.3834125364431826e-06,
                        0.6768094298645791,
                        0.6768077274299383,
                        0.676807727429969,
                        0.6768078217432179
                    ],
                    "Occupancy": 0.0,
                    "OrbitalEnergy": 0.7810822762840367
                },
                {
                    "MOCoefficients": [
                        -0.9918640549210764,
                        -0.038981131231757324,
                        1.62397853171281e-16,
                        -5.018754968395487e-10,
                        1.8292857913399954e-09,
                        0.007168334014575594,
                        0.007168333589974185,
                        0.007168333589974803,
                        0.007168333593251947
                    ],
                    "Occupancy": 1.0,
                    "OrbitalEnergy": -11.028637220573792
                },
                {
                    "MOCoefficients": [
                        -0.22196305339458314,
                        0.6240156277770479,
                        7.721623842102378e-16,
                        1.1375761324931246e-08,
                        -4.073771908005851e-08,
                        0.1801768770309724,
                        0.18017686728614765,
                        0.1801768672861495,
                        0.1801768674877831
                    ],
                    "Occupancy": 1.0,
                    "OrbitalEnergy": -0.918907550868739
                },
                {
                    "MOCoefficients": [
                        1.426486164219219e-16,
                        -1.2154949601490502e-15,
                        0.5736255090241611,
                        4.021485153037617e-09,
                        -3.224688973104772e-09,
                        3.961043524948374e-09,
                        0.4234931098881276,
                        -0.42349311021291625,
                        -3.63625316453403e-09
                    ],
                    "Occupancy": 1.0,
                    "OrbitalEnergy": -0.5256957977113537
                },
                {
                    "MOCoefficients": [
                        -1.2861200667107265e-08,
                        4.690758490291936e-08,
                        4.967158910374545e-09,
                        -0.527152372386328,
                        0.22617829070537473,
                        -0.35169250990354456,
                        -0.062480045804178756,
                        -0.06248005313843394,
                        0.4766526143939934
                    ],
                    "Occupancy": 1.0,
                    "OrbitalEnergy": -0.5256957645335695
                },
                {
                    "MOCoefficients": [
                        -1.6316606352398545e-08,
                        5.818748054304727e-08,
                        1.3777810268963214e-09,
                        0.2261783093869181,
                        0.5271524189188561,
                        -0.38122439912199135,
                        0.29286425999504573,
                        0.29286425796068993,
                        -0.2045041132911602
                    ],
                    "Occupancy": 1.0,
                    "OrbitalEnergy": -0.5256956573367529
                },
                {
                    "MOCoefficients": [
                        -2.2880109000182914e-07,
                        1.4862129180175426e-06,
                        3.5734276639902846e-09,
                        0.4483747622315017,
                        1.0215190505018645,
                        0.7878015683534573,
                        -0.6109614363157874,
                        -0.6109614306657726,
                        0.43411893673914076
                    ],
                    "Occupancy": 0.0,
                    "OrbitalEnergy": 0.7309171789347324
                },
                {
                    "MOCoefficients": [
                        -1.919858111185538e-07,
                        1.2443421562422213e-06,
                        2.055233676068408e-08,
                        -1.0215192565976157,
                        0.4483748493194243,
                        0.7389829741035597,
                        0.12504519084959925,
                        0.1250452233452927,
                        -0.9890753708846324
                    ],
                    "Occupancy": 0.0,
                    "OrbitalEnergy": 0.730917389295521
                },
                {
                    "MOCoefficients": [
                        -7.144233615500952e-17,
                        -6.247122137382526e-16,
                        -1.1155903163737348,
                        -1.7383058988083245e-08,
                        1.1532437598999746e-08,
                        1.613763700008867e-08,
                        0.8819406477275953,
                        -0.8819406470342269,
                        -1.6831003410373895e-08
                    ],
                    "Occupancy": 0.0,
                    "OrbitalEnergy": 0.7309174550397414
                },
                {
                    "MOCoefficients": [
                        0.2534640892329249,
                        -1.6677999277277176,
                        1.8753817233234713e-14,
                        -4.0206368054340546e-07,
                        1.3834125364431826e-06,
                        0.6768094298645791,
                        0.6768077274299383,
                        0.676807727429969,
                        0.6768078217432179
                    ],
                    "Occupancy": 0.0,
                    "OrbitalEnergy": 0.7810822762840367
                }
            ],
            "OrbitalLabels": [
                "0C   1s",
                "0C   2s",
                "0C   1pz",
                "0C   1px",
                "0C   1py",
                "1H   1s",
                "2H   1s",
                "3H   1s",
                "4H   1s",
                "0C   1s",
                "0C   2s",
                "0C   1pz",
                "0C   1px",
                "0C   1py",
                "1H   1s",
                "2H   1s",
                "3H   1s",
                "4H   1s"
            ]
        },
        "Multiplicity": 1,
        "S-Matrix": [
            [
                1.0000000000000002,
                0.24836239031011145,
                0.0,
                -1.7253717496947094e-16,
                -1.8202452577880318e-17,
                0.06525275454191111,
                0.06525275498459034,
                0.06525275498459034,
                0.06525275442549346
            ],
            [
                0.24836239031011145,
                1.0,
                0.0,
                3.0179598031422867e-16,
                -7.821072526076528e-17,
                0.5023191131680057,
                0.502319114856166,
                0.502319114856166,
                0.5023191127240462
            ],
            [
                0.0,
                0.0,
                0.9999999999999999,
                0.0,
                0.0,
                0.0,
                0.3870583639357127,
                -0.3870583639357127,
                0.0
            ],
            [
                -1.7253717496947094e-16,
                3.0179598031422867e-16,
                0.0,
                0.9999999999999999,
                -2.923898109971835e-32,
                0.15801046470930255,
                0.15801862173956577,
                0.15801862173956577,
                -0.47404765735634513
            ],
            [
                -1.8202452577880318e-17,
                -7.821072526076528e-17,
                0.0,
                -2.923898109971835e-32,
                0.9999999999999999,
                -0.446938334407879,
                0.22346615119820057,
                0.22346615119820057,
                5.839203854152918e-06
            ],
            [
                0.06525275454191111,
                0.5023191131680057,
                0.0,
                0.15801046470930255,
                -0.446938334407879,
                1.0,
                0.17799620453809534,
                0.17799620453809534,
                0.17799611859151276
            ],
            [
                0.06525275498459034,
                0.502319114856166,
                0.3870583639357127,
                0.15801862173956577,
                0.22346615119820057,
                0.17799620453809534,
                1.0,
                0.17799606374336546,
                0.17799615738486435
            ],
            [
                0.06525275498459034,
                0.502319114856166,
                -0.3870583639357127,
                0.15801862173956577,
                0.22346615119820057,
                0.17799620453809534,
                0.17799606374336546,
                1.0,
                0.17799615738486435
            ],
            [
                0.06525275442549346,
                0.5023191127240462,
                0.0,
                -0.47404765735634513,
                5.839203854152918e-06,
                0.17799611859151276,
                0.17799615738486435,
                0.17799615738486435,
                1.0
            ]
        ],
        "T-Matrix": [
            [
                15.891121688446425,
                -0.08589001370498858,
                0.0,
                1.339397685808931e-16,
                3.782345544636897e-16,
                -0.00973701991525505,
                -0.009737019787955343,
                -0.009737019787955343,
                -0.009737019948732962
            ],
            [
                -0.08589001370498858,
                0.47224997337183816,
                0.0,
                1.6187808402067275e-16,
                -4.9877973233321626e-17,
                0.1135092643119368,
                0.11350926529518796,
                0.11350926529518796,
                0.1135092640533572
            ],
            [
                0.0,
                0.0,
                1.477728077807875,
                0.0,
                0.0,
                0.0,
                0.22341470381814732,
                -0.22341470381814732,
                0.0
            ],
            [
                1.339397685808931e-16,
                1.6187808402067275e-16,
                0.0,
                1.4777280778078754,
                -7.847275390846416e-33,
                0.09120552427943131,
                0.09121023303751835,
                0.09121023303751835,
                -0.27362595983397553
            ],
            [
                3.782345544636897e-16,
                -4.9877973233321626e-17,
                0.0,
                -7.847275390846416e-33,
                1.4777280778078754,
                -0.2579781357218332,
                0.12898732758457987,
                0.12898732758457987,
                3.3704580846841296e-06
            ],
            [
                -0.00973701991525505,
                0.1135092643119368,
                0.0,
                0.09120552427943131,
                -0.2579781357218332,
                0.7600318835666087,
                -0.004477748335424941,
                -0.004477748335424941,
                -0.004477759513728087
            ],
            [
                -0.009737019787955343,
                0.11350926529518796,
                0.22341470381814732,
                0.09121023303751835,
                0.12898732758457987,
                -0.004477748335424941,
                0.7600318835666087,
                -0.004477766647331441,
                -0.004477754468224993
            ],
            [
                -0.009737019787955343,
                0.11350926529518796,
                -0.22341470381814732,
                0.09121023303751835,
                0.12898732758457987,
                -0.004477748335424941,
                -0.004477766647331441,
                0.7600318835666087,
                -0.004477754468224993
            ],
            [
                -0.009737019948732962,
                0.1135092640533572,
                0.0,
                -0.27362595983397553,
                3.3704580846841296e-06,
                -0.004477759513728087,
                -0.004477754468224993,
                -0.004477754468224993,
                0.7600318835666087
            ]
        ]
    },
    "ORCA Header": {
        "Version": "5.0 - current"
    }
}
