{
    "Molecule": {
        "Atoms": [
            {
                "BasisFunctions": [
                    {
                        "Coefficients": [
                            -0.005389350399539763,
                            -0.04023472135796575,
                            -0.1800818421023998,
                            -0.46828857657803885,
                            -0.4469261715735337
                        ],
                        "Exponents": [
                            2266.1767785,
                            340.87010191,
                            77.363135167,
                            21.47964494,
                            6.6589433124
                        ],
                        "Shell": "s"
                    },
                    {
                        "Coefficients": [
                            1.0
                        ],
                        "Exponents": [
                            0.8097597567
                        ],
                        "Shell": "s"
                    },
                    {
                        "Coefficients": [
                            1.0
                        ],
                        "Exponents": [
                            0.2553077223
                        ],
                        "Shell": "s"
                    },
                    {
                        "Coefficients": [
                            0.06263024877280561,
                            0.33331138489324214,
                            0.7414863830180661
                        ],
                        "Exponents": [
                            17.721504317,
                            3.863550544,
                            1.0480920883
                        ],
                        "Shell": "p"
                    },
                    {
                        "Coefficients": [
                            1.0
                        ],
                        "Exponents": [
                            0.2764154441
                        ],
                        "Shell": "p"
                    },
                    {
                        "Coefficients": [
                            1.0
                        ],
                        "Exponents": [
                            1.2
                        ],
                        "Shell": "d"
                    }
                ],
                "Coords": [
                    -0.0,
                    -0.20940410558494568,
                    0.0
                ],
                "ElementLabel": "O",
                "ElementNumber": 8,
                "Idx": 0,
                "NuclearCharge": 8.0
            },
            {
                "BasisFunctions": [
                    {
                        "Coefficients": [
                            0.03348548481298865,
                            0.2347218708812486,
                            0.8137702852595533
                        ],
                        "Exponents": [
                            13.010701,
                            1.9622572,
                            0.44453796
                        ],
                        "Shell": "s"
                    },
                    {
                        "Coefficients": [
                            0.9999999999999998
                        ],
                        "Exponents": [
                            0.12194962
                        ],
                        "Shell": "s"
                    },
                    {
                        "Coefficients": [
                            1.0
                        ],
                        "Exponents": [
                            0.8
                        ],
                        "Shell": "p"
                    }
                ],
                "Coords": [
                    1.4814997276971722,
                    0.8376164034425212,
                    0.0
                ],
                "ElementLabel": "H",
                "ElementNumber": 1,
                "Idx": 1,
                "NuclearCharge": 1.0
            },
            {
                "BasisFunctions": [
                    {
                        "Coefficients": [
                            0.03348548481298865,
                            0.2347218708812486,
                            0.8137702852595533
                        ],
                        "Exponents": [
                            13.010701,
                            1.9622572,
                            0.44453796
                        ],
                        "Shell": "s"
                    },
                    {
                        "Coefficients": [
                            0.9999999999999998
                        ],
                        "Exponents": [
                            0.12194962
                        ],
                        "Shell": "s"
                    },
                    {
                        "Coefficients": [
                            1.0
                        ],
                        "Exponents": [
                            0.8
                        ],
                        "Shell": "p"
                    }
                ],
                "Coords": [
                    -1.4814997276971722,
                    0.8376164034425212,
                    0.0
                ],
                "ElementLabel": "H",
                "ElementNumber": 1,
                "Idx": 2,
                "NuclearCharge": 1.0
            }
        ],
        "BaseName": "06_h2o_def2svp",
        "Charge": 0,
        "CoordinateUnits": "Bohrs",
        "H-Matrix": [
            [
                -33.029758151662975,
                11.11648820846482,
                5.132966660719253,
                0.0,
                0.0,
                0.024962331161507326,
                0.0,
                0.0,
                0.003346634116828563,
                -0.001633196805049586,
                0.0,
                0.0,
                0.0009442660717668971,
                0.0,
                1.5538167064279,
                2.0346167425004755,
                0.0,
                -2.40982555905059,
                -1.7022037383548823,
                1.5538167064279,
                2.0346167425004755,
                0.0,
                2.40982555905059,
                -1.7022037383548823
            ],
            [
                11.11648820846482,
                -11.374439600531293,
                -7.753145236773993,
                0.0,
                0.0,
                -0.17428146547747625,
                0.0,
                0.0,
                -0.12874759235940159,
                0.08195251138001336,
                0.0,
                0.0,
                -0.04738251737511068,
                0.0,
                -3.10247134339457,
                -3.694987136284745,
                0.0,
                3.5773912746720886,
                2.5021445330738064,
                -3.10247134339457,
                -3.694987136284745,
                0.0,
                -3.577391274672089,
                2.502144533073807
            ],
            [
                5.132966660719253,
                -7.753145236773993,
                -7.096372229740031,
                0.0,
                0.0,
                -0.15860885049582568,
                0.0,
                0.0,
                -0.23527211714475432,
                0.09944343808763456,
                0.0,
                0.0,
                -0.05749525369856112,
                0.0,
                -3.411689477491582,
                -4.23275459338633,
                0.0,
                2.557537731042935,
                1.7660657658019985,
                -3.411689477491582,
                -4.23275459338633,
                0.0,
                -2.557537731042935,
                1.7660657658019985
            ],
            [
                0.0,
                0.0,
                0.0,
                -8.456354659570083,
                0.0,
                0.0,
                -3.7594734399588496,
                0.0,
                0.0,
                0.0,
                0.0,
                -0.11604789949844738,
                0.0,
                0.0,
                0.0,
                0.0,
                -1.3805358581955705,
                0.0,
                0.0,
                0.0,
                0.0,
                -1.3805358581955705,
                0.0,
                0.0
            ],
            [
                0.0,
                0.0,
                0.0,
                0.0,
                -8.568678878839561,
                0.0,
                0.0,
                -3.862474279620253,
                0.0,
                0.0,
                0.0,
                0.0,
                0.0,
                -0.20301320873711662,
                -1.810064532674671,
                -0.6753259345830146,
                0.0,
                1.5515198031290107,
                2.0624508504641152,
                1.810064532674671,
                0.6753259345830146,
                0.0,
                1.5515198031290107,
                -2.0624508504641152
            ],
            [
                0.024962331161507326,
                -0.17428146547747625,
                -0.15860885049582568,
                0.0,
                0.0,
                -8.512456955422413,
                0.0,
                0.0,
                -3.81091901080105,
                0.10464400102017729,
                0.0,
                0.0,
                0.09428341723556725,
                0.0,
                -1.3161611883445379,
                -0.5500295939722774,
                0.0,
                2.1177494383148474,
                0.0972064740567678,
                -1.3161611883445379,
                -0.5500295939722774,
                0.0,
                -2.1177494383148474,
                0.0972064740567678
            ],
            [
                0.0,
                0.0,
                0.0,
                -3.7594734399588496,
                0.0,
                0.0,
                -4.612630997341373,
                0.0,
                0.0,
                0.0,
                0.0,
                -0.09737417462173935,
                0.0,
                0.0,
                0.0,
                0.0,
                -1.7779219500265542,
                0.0,
                0.0,
                0.0,
                0.0,
                -1.7779219500265542,
                0.0,
                0.0
            ],
            [
                0.0,
                0.0,
                0.0,
                0.0,
                -3.862474279620253,
                0.0,
                0.0,
                -4.853581409566088,
                0.0,
                0.0,
                0.0,
                0.0,
                0.0,
                -0.2118504266721991,
                -2.605655098729922,
                -1.3864233529533365,
                0.0,
                0.29058443435229575,
                1.4370649753304803,
                2.6056550987299225,
                1.3864233529533365,
                0.0,
                0.29058443435229575,
                -1.4370649753304803
            ],
            [
                0.003346634116828563,
                -0.12874759235940159,
                -0.23527211714475432,
                0.0,
                0.0,
                -3.81091901080105,
                0.0,
                0.0,
                -4.73297789492311,
                0.10577107956545256,
                0.0,
                0.0,
                0.0687246317283143,
                0.0,
                -1.8885353165061887,
                -1.1195696791507694,
                0.0,
                1.501235051941942,
                -0.7530411354604523,
                -1.888535316506189,
                -1.1195696791507697,
                0.0,
                -1.501235051941942,
                -0.7530411354604523
            ],
            [
                -0.001633196805049586,
                0.08195251138001336,
                0.09944343808763456,
                0.0,
                0.0,
                0.10464400102017729,
                0.0,
                0.0,
                0.10577107956545256,
                -4.318269814924344,
                0.0,
                0.0,
                0.048379996122068336,
                0.0,
                0.7268714197652576,
                0.1400212805600266,
                0.0,
                -0.40449499034187986,
                -0.2645573476390121,
                0.7268714197652576,
                0.1400212805600266,
                0.0,
                0.4044949903418794,
                -0.2645573476390119
            ],
            [
                0.0,
                0.0,
                0.0,
                0.0,
                0.0,
                0.0,
                0.0,
                0.0,
                0.0,
                0.0,
                -4.33017902137153,
                0.0,
                0.0,
                0.0,
                0.0,
                0.0,
                -1.354462541594013,
                0.0,
                0.0,
                0.0,
                0.0,
                1.3544625415940126,
                0.0,
                0.0
            ],
            [
                0.0,
                0.0,
                0.0,
                -0.11604789949844738,
                0.0,
                0.0,
                -0.09737417462173935,
                0.0,
                0.0,
                0.0,
                0.0,
                -4.282334644879317,
                0.0,
                0.0,
                0.0,
                0.0,
                -0.975779425060496,
                0.0,
                0.0,
                0.0,
                0.0,
                -0.975779425060496,
                0.0,
                0.0
            ],
            [
                0.0009442660717668971,
                -0.04738251737511068,
                -0.05749525369856112,
                0.0,
                0.0,
                0.09428341723556725,
                0.0,
                0.0,
                0.0687246317283143,
                0.048379996122068336,
                0.0,
                0.0,
                -4.389922697873017,
                0.0,
                -0.39340953286407143,
                -0.06545903664286573,
                0.0,
                -0.7172769252703988,
                1.4320665106494759,
                -0.39340953286407143,
                -0.06545903664286573,
                0.0,
                0.7172769252703988,
                1.4320665106494759
            ],
            [
                0.0,
                0.0,
                0.0,
                0.0,
                -0.20301320873711662,
                0.0,
                0.0,
                -0.2118504266721991,
                0.0,
                0.0,
                0.0,
                0.0,
                0.0,
                -4.473624201882728,
                -1.1685564372308264,
                -0.15829095573386887,
                0.0,
                0.9487552047874228,
                -0.0044072266046423225,
                1.1685564372308264,
                0.15829095573386887,
                0.0,
                0.9487552047874224,
                0.0044072266046423225
            ],
            [
                1.5538167064279,
                -3.10247134339457,
                -3.411689477491582,
                0.0,
                -1.810064532674671,
                -1.3161611883445379,
                0.0,
                -2.605655098729922,
                -1.8885353165061887,
                0.7268714197652576,
                0.0,
                0.0,
                -0.39340953286407143,
                -1.1685564372308264,
                -5.110242440073106,
                -3.5559304327415378,
                0.0,
                1.2449457212583745,
                0.8303332916287209,
                -0.8395099718723181,
                -1.795363415905173,
                0.0,
                -1.0464809073348404,
                0.1667391530922216
            ],
            [
                2.0346167425004755,
                -3.694987136284745,
                -4.23275459338633,
                0.0,
                -0.6753259345830146,
                -0.5500295939722774,
                0.0,
                -1.3864233529533365,
                -1.1195696791507694,
                0.1400212805600266,
                0.0,
                0.0,
                -0.06545903664286573,
                -0.15829095573386887,
                -3.5559304327415378,
                -4.204016399224008,
                0.0,
                1.019339549209702,
                0.6768854365008372,
                -1.795363415905173,
                -2.8788046292596845,
                0.0,
                -1.3445299214735678,
                0.39445776556929946
            ],
            [
                0.0,
                0.0,
                0.0,
                -1.3805358581955705,
                0.0,
                0.0,
                -1.7779219500265542,
                0.0,
                0.0,
                0.0,
                -1.354462541594013,
                -0.975779425060496,
                0.0,
                0.0,
                0.0,
                0.0,
                -3.2690165940009446,
                0.0,
                0.0,
                0.0,
                0.0,
                -0.22868179799901134,
                0.0,
                0.0
            ],
            [
                -2.40982555905059,
                3.5773912746720886,
                2.557537731042935,
                0.0,
                1.5515198031290107,
                2.1177494383148474,
                0.0,
                0.29058443435229575,
                1.501235051941942,
                -0.40449499034187986,
                0.0,
                0.0,
                -0.7172769252703988,
                0.9487552047874228,
                1.2449457212583745,
                1.019339549209702,
                0.0,
                -4.091280165599088,
                -0.5556492651413022,
                1.0464809073348404,
                1.3445299214735678,
                0.0,
                1.544337135704938,
                -0.21949948722583232
            ],
            [
                -1.7022037383548823,
                2.5021445330738064,
                1.7660657658019985,
                0.0,
                2.0624508504641152,
                0.0972064740567678,
                0.0,
                1.4370649753304803,
                -0.7530411354604523,
                -0.2645573476390121,
                0.0,
                0.0,
                1.4320665106494759,
                -0.0044072266046423225,
                0.8303332916287209,
                0.6768854365008372,
                0.0,
                -0.5556492651413022,
                -3.6617106765933802,
                0.1667391530922216,
                0.39445776556929946,
                0.0,
                0.21949948722583232,
                -0.3023623013849685
            ],
            [
                1.5538167064279,
                -3.10247134339457,
                -3.411689477491582,
                0.0,
                1.810064532674671,
                -1.3161611883445379,
                0.0,
                2.6056550987299225,
                -1.888535316506189,
                0.7268714197652576,
                0.0,
                0.0,
                -0.39340953286407143,
                1.1685564372308264,
                -0.8395099718723181,
                -1.795363415905173,
                0.0,
                1.0464809073348404,
                0.1667391530922216,
                -5.110242440073107,
                -3.5559304327415378,
                0.0,
                -1.2449457212583745,
                0.8303332916287209
            ],
            [
                2.0346167425004755,
                -3.694987136284745,
                -4.23275459338633,
                0.0,
                0.6753259345830146,
                -0.5500295939722774,
                0.0,
                1.3864233529533365,
                -1.1195696791507697,
                0.1400212805600266,
                0.0,
                0.0,
                -0.06545903664286573,
                0.15829095573386887,
                -1.795363415905173,
                -2.8788046292596845,
                0.0,
                1.3445299214735678,
                0.39445776556929946,
                -3.5559304327415378,
                -4.204016399224007,
                0.0,
                -1.019339549209702,
                0.6768854365008372
            ],
            [
                0.0,
                0.0,
                0.0,
                -1.3805358581955705,
                0.0,
                0.0,
                -1.7779219500265542,
                0.0,
                0.0,
                0.0,
                1.3544625415940126,
                -0.975779425060496,
                0.0,
                0.0,
                0.0,
                0.0,
                -0.22868179799901134,
                0.0,
                0.0,
                0.0,
                0.0,
                -3.2690165940009446,
                0.0,
                0.0
            ],
            [
                2.40982555905059,
                -3.577391274672089,
                -2.557537731042935,
                0.0,
                1.5515198031290107,
                -2.1177494383148474,
                0.0,
                0.29058443435229575,
                -1.501235051941942,
                0.4044949903418794,
                0.0,
                0.0,
                0.7172769252703988,
                0.9487552047874224,
                -1.0464809073348404,
                -1.3445299214735678,
                0.0,
                1.544337135704938,
                0.21949948722583232,
                -1.2449457212583745,
                -1.019339549209702,
                0.0,
                -4.091280165599088,
                0.5556492651413022
            ],
            [
                -1.7022037383548823,
                2.502144533073807,
                1.7660657658019985,
                0.0,
                -2.0624508504641152,
                0.0972064740567678,
                0.0,
                -1.4370649753304803,
                -0.7530411354604523,
                -0.2645573476390119,
                0.0,
                0.0,
                1.4320665106494759,
                0.0044072266046423225,
                0.1667391530922216,
                0.39445776556929946,
                0.0,
                -0.21949948722583232,
                -0.3023623013849685,
                0.8303332916287209,
                0.6768854365008372,
                0.0,
                0.5556492651413022,
                -3.6617106765933802
            ]
        ],
        "HFTyp": "RHF",
        "MolecularOrbitals": {
            "EnergyUnit": "Eh",
            "MOs": [
                {
                    "MOCoefficients": [
                        0.9903228061854379,
                        -0.03336560525993381,
                        0.010452627172740732,
                        1.311554080036066e-16,
                        1.8719361967037006e-16,
                        -0.0026758927240860585,
                        4.457568898335355e-17,
                        2.8465115617052344e-16,
                        0.0001822195062833028,
                        0.000817817269419474,
                        -7.929042356327468e-17,
                        -1.8069458850523046e-16,
                        -0.00048510425085896016,
                        3.64856915387251e-16,
                        0.0018087356973942618,
                        -0.0018111100165928919,
                        7.6784801215279e-17,
                        -0.0020202425619713026,
                        -0.001455682800921081,
                        0.0018087356973953191,
                        -0.0018111100165934817,
                        3.547508801453349e-16,
                        0.002020242561972498,
                        -0.0014556828009204916
                    ],
                    "Occupancy": 2.0,
                    "OrbitalEnergy": -20.543171217708547
                },
                {
                    "MOCoefficients": [
                        -0.27922896452844476,
                        -0.5512163883359202,
                        -0.29521926659154196,
                        5.263593099752209e-16,
                        -1.1312131635022602e-16,
                        -0.0800839947392397,
                        3.908921736185027e-16,
                        -3.850249458727666e-15,
                        0.002776746737239935,
                        0.004286157260084308,
                        1.4027494504421268e-16,
                        -3.1627665333109765e-17,
                        -0.0013473756246387752,
                        -1.2083926707140396e-15,
                        -0.19027607849511174,
                        -0.0062810531765366134,
                        7.529137590543074e-17,
                        0.032783485855401376,
                        0.015329180065763413,
                        -0.190276078495117,
                        -0.006281053176537415,
                        1.0310907684707241e-16,
                        -0.032783485855403395,
                        0.015329180065765398
                    ],
                    "Occupancy": 2.0,
                    "OrbitalEnergy": -1.3132832236205263
                },
                {
                    "MOCoefficients": [
                        -8.622536189907161e-16,
                        -5.497032924868366e-15,
                        7.969700083045909e-15,
                        -1.526841153803712e-16,
                        0.48822827565571336,
                        -2.5446828452764177e-15,
                        3.766007450882513e-17,
                        0.21866755543122537,
                        4.1448624723408775e-16,
                        -2.939853758800327e-16,
                        3.4205509988158625e-17,
                        2.366813629981504e-16,
                        1.2487976939161012e-16,
                        0.025184642139159615,
                        0.329390614492964,
                        0.08105952257108365,
                        -8.498130609691892e-17,
                        -0.023795075591185686,
                        -0.029366328095612355,
                        -0.32939061449296714,
                        -0.08105952257108547,
                        -1.2003380879866883e-16,
                        -0.02379507559118631,
                        0.02936632809561143
                    ],
                    "Occupancy": 2.0,
                    "OrbitalEnergy": -0.7110778674793865
                },
                {
                    "MOCoefficients": [
                        0.09164733409081337,
                        0.19126983553905266,
                        0.3164598002290872,
                        1.6537034507893227e-14,
                        -1.0101127853925347e-15,
                        -0.5534233524131996,
                        1.2664374599996972e-14,
                        5.993289816881619e-16,
                        -0.37587724419186824,
                        0.012202774616676371,
                        -2.096219746950667e-16,
                        3.9057173625781075e-16,
                        0.013058022224732143,
                        6.001888860440295e-16,
                        -0.1944125566497696,
                        -0.05278981019036203,
                        6.691504028954644e-16,
                        0.029056467593602905,
                        -0.008783043713734302,
                        -0.1944125566497673,
                        -0.05278981019036021,
                        8.35236619099287e-16,
                        -0.02905646759360195,
                        -0.00878304371373504
                    ],
                    "Occupancy": 2.0,
                    "OrbitalEnergy": -0.557677658845397
                },
                {
                    "MOCoefficients": [
                        -2.24471946129382e-15,
                        -4.71176887105277e-15,
                        -8.590957281434314e-15,
                        0.6318642270579647,
                        2.578333775046054e-17,
                        1.3013780897552713e-14,
                        0.4982830210829583,
                        -2.3775894653413777e-16,
                        9.210617696878123e-15,
                        -2.2145544193004497e-16,
                        2.5056891281611426e-16,
                        0.017836984963164326,
                        -3.2747182280568433e-16,
                        -1.4504251490871387e-17,
                        5.484213107697468e-15,
                        1.7068543584570515e-15,
                        0.028643334331858027,
                        -7.091014727305903e-16,
                        -1.345670465000711e-17,
                        4.611721321620808e-15,
                        2.386081436278305e-15,
                        0.028643334331857784,
                        1.0328065120065434e-15,
                        2.1396210160910006e-16
                    ],
                    "Occupancy": 2.0,
                    "OrbitalEnergy": -0.49586902832122776
                },
                {
                    "MOCoefficients": [
                        -0.0890378397483579,
                        -0.09223056073972671,
                        -1.1116409623801289,
                        -5.87941062123731e-16,
                        -9.124837116998679e-15,
                        -0.1822423456823428,
                        -4.3773119465321004e-16,
                        -2.3880794733199802e-14,
                        -0.3547692359053587,
                        0.011832371593951467,
                        1.1408542171380402e-16,
                        3.138480695031659e-16,
                        0.0006963225093784467,
                        -8.87438432106046e-16,
                        0.0722467213737582,
                        0.9025184074989876,
                        -3.145632257028797e-16,
                        -0.015663397083707908,
                        -0.011267926799060851,
                        0.07224672137374885,
                        0.9025184074989064,
                        -1.5658063804214082e-16,
                        0.015663397083707335,
                        -0.011267926799058803
                    ],
                    "Occupancy": 0.0,
                    "OrbitalEnergy": 0.17664223840616836
                },
                {
                    "MOCoefficients": [
                        -3.3180003231832776e-15,
                        -8.714039107693325e-15,
                        -1.3207921982733051e-14,
                        1.3132286991879417e-16,
                        0.2807861678893628,
                        -5.0842271984736274e-15,
                        -2.7858502926922077e-17,
                        0.6636578638898202,
                        4.581418442507987e-16,
                        -5.124790348845038e-16,
                        1.4453076502868462e-16,
                        -3.169030024306485e-17,
                        3.032188724226002e-16,
                        0.019172723902714316,
                        -0.022173331071204064,
                        -1.404254727805845,
                        -1.0789733222850002e-16,
                        0.015733231684707163,
                        0.011865324115509062,
                        0.022173331071187123,
                        1.4042547278058977,
                        1.5458525937554676e-16,
                        0.015733231684703055,
                        -0.011865324115506766
                    ],
                    "Occupancy": 0.0,
                    "OrbitalEnergy": 0.2544872097142886
                },
                {
                    "MOCoefficients": [
                        1.3568672244253562e-14,
                        5.0475885844374693e-14,
                        -4.406598149708168e-14,
                        1.0144815093226456e-15,
                        -0.28823184183282213,
                        3.03717278107011e-14,
                        -1.1193303836927878e-15,
                        -0.5164215486412073,
                        8.286285974814071e-15,
                        8.07990729136512e-15,
                        1.7374491794002774e-16,
                        9.155010344567096e-17,
                        -5.127767760362418e-15,
                        0.10877078564166381,
                        0.9718946269932118,
                        -0.6470963308563814,
                        -1.3910855697720642e-16,
                        0.05669731129611286,
                        0.13602099190538475,
                        -0.9718946269933751,
                        0.6470963308564899,
                        5.588585296285263e-16,
                        0.05669731129615466,
                        -0.13602099190539363
                    ],
                    "Occupancy": 0.0,
                    "OrbitalEnergy": 0.8122184483458085
                },
                {
                    "MOCoefficients": [
                        0.1104068819637676,
                        0.3672270349138796,
                        -0.28709664043726646,
                        -9.049696107418086e-16,
                        1.6543268315534807e-14,
                        0.290248554605971,
                        1.8319352707887008e-15,
                        6.569295142539285e-14,
                        0.11019780518891713,
                        0.08659548552161894,
                        5.546384964495132e-16,
                        5.768562717806784e-17,
                        -0.0625653763531291,
                        -1.0580845031857933e-14,
                        -0.8644590347628989,
                        0.5543220284579103,
                        -5.697202941866552e-16,
                        -0.23154660131659738,
                        -0.029423046379868558,
                        -0.864459034762703,
                        0.5543220284577817,
                        -6.385245743707017e-16,
                        0.23154660131658975,
                        -0.02942304637984479
                    ],
                    "Occupancy": 0.0,
                    "OrbitalEnergy": 0.8436662209700879
                },
                {
                    "MOCoefficients": [
                        -0.10706551184017685,
                        -0.4410916348827075,
                        -0.15652238168455385,
                        -6.127749353964867e-15,
                        4.3001899100255454e-14,
                        0.822527370385003,
                        6.199995894707105e-15,
                        -1.0532305404528206e-13,
                        -1.1957072580709525,
                        0.0025885619553811206,
                        5.577814112253409e-17,
                        -2.610817908673198e-16,
                        0.004141058868782527,
                        -4.176862665925104e-15,
                        0.36708497334153056,
                        0.07243528494860312,
                        1.1882727469250665e-15,
                        -0.08889768186800721,
                        -0.1475355139591072,
                        0.3670849733414821,
                        0.07243528494851713,
                        2.850212501766472e-17,
                        0.0888976818679681,
                        -0.1475355139590861
                    ],
                    "Occupancy": 0.0,
                    "OrbitalEnergy": 1.1846223662686948
                },
                {
                    "MOCoefficients": [
                        -1.2604392961197018e-15,
                        -6.991188221817123e-15,
                        8.416689354467725e-15,
                        0.9680017168300398,
                        -2.30445124859776e-15,
                        6.058031723883789e-15,
                        -1.032765738866979,
                        6.2199281198903046e-15,
                        -5.384115827120909e-15,
                        3.7091318218030437e-16,
                        -2.341696453411642e-16,
                        0.004104273214707191,
                        -3.173596662751219e-16,
                        -1.0151640062538576e-16,
                        -3.552809913093073e-15,
                        -1.5891921645074888e-15,
                        -0.0004419627736370021,
                        2.837887418419181e-16,
                        5.729177174349272e-16,
                        1.4794705749388458e-15,
                        6.247644444258913e-16,
                        -0.00044196277363678984,
                        1.0363328009692652e-15,
                        1.8807525349866678e-16
                    ],
                    "Occupancy": 0.0,
                    "OrbitalEnergy": 1.2033972969010975
                },
                {
                    "MOCoefficients": [
                        -1.886787155815947e-14,
                        -1.0108464772620263e-13,
                        1.347793022776706e-13,
                        -3.1374931830179466e-15,
                        -0.7498373713126649,
                        4.723588100425187e-14,
                        3.8311112311047025e-15,
                        1.755176143766385,
                        -3.775536029373032e-14,
                        -1.6635806528054503e-15,
                        -1.925105546327939e-16,
                        -1.1578385151261892e-16,
                        4.900570356879227e-16,
                        0.04106787230277741,
                        -0.3717458216198708,
                        -0.7799465927772444,
                        -8.362910824714193e-16,
                        0.28581505030049276,
                        0.1409791708453808,
                        0.37174582161987657,
                        0.7799465927771869,
                        5.322470931424193e-16,
                        0.2858150503004766,
                        -0.14097917084537784
                    ],
                    "Occupancy": 0.0,
                    "OrbitalEnergy": 1.265251033491029
                },
                {
                    "MOCoefficients": [
                        0.26065434539382637,
                        1.608470384870513,
                        -2.8528340734542934,
                        3.608485111867915e-15,
                        -2.5856513068112834e-14,
                        0.046133664435829204,
                        -2.3015060427599527e-15,
                        7.117860182404254e-14,
                        -0.5350421982797839,
                        -0.007929816329964817,
                        -8.997023768891824e-16,
                        -4.875147956587534e-16,
                        0.044665975042828356,
                        -6.577055198702649e-17,
                        0.48738409145456185,
                        0.530719100221077,
