{
    "Molecule": {
        "Atoms": [
            {
                "BasisFunctions": [
                    {
                        "Coefficients": [
                            0.15432897000916185,
                            0.53532814003178,
                            0.4446345400263961
                        ],
                        "Exponents": [
                            71.616837,
                            13.045096,
                            3.5305122
                        ],
                        "Shell": "s"
                    },
                    {
                        "Coefficients": [
                            -0.09996723007596427,
                            0.39951283030358636,
                            0.7001154705320117
                        ],
                        "Exponents": [
                            2.9412494,
                            0.6834831,
                            0.2222899
                        ],
                        "Shell": "s"
                    },
                    {
                        "Coefficients": [
                            0.15591627210510742,
                            0.607683728204657,
                            0.39195739529202256
                        ],
                        "Exponents": [
                            2.9412494,
                            0.6834831,
                            0.2222899
                        ],
                        "Shell": "p"
                    }
                ],
                "Coords": [
                    -2.5983732640663693,
                    0.7761375084906504,
                    0.0
                ],
                "ElementLabel": "C",
                "ElementNumber": 6,
                "Idx": 0,
                "NuclearCharge": 6.0
            },
            {
                "BasisFunctions": [
                    {
                        "Coefficients": [
                            0.1543289707029839,
                            0.5353281424384732,
                            0.44463454202535485
                        ],
                        "Exponents": [
                            3.42525091,
                            0.62391373,
                            0.1688554
                        ],
                        "Shell": "s"
                    }
                ],
                "Coords": [
                    -1.9243940669165813,
                    -1.1302371126704471,
                    0.0
                ],
                "ElementLabel": "H",
                "ElementNumber": 1,
                "Idx": 1,
                "NuclearCharge": 1.0
            },
            {
                "BasisFunctions": [
                    {
                        "Coefficients": [
                            0.1543289707029839,
                            0.5353281424384732,
                            0.44463454202535485
                        ],
                        "Exponents": [
                            3.42525091,
                            0.62391373,
                            0.1688554
                        ],
                        "Shell": "s"
                    }
                ],
                "Coords": [
                    -1.9243592770584559,
                    1.729311950036227,
                    1.6509620714895021
                ],
                "ElementLabel": "H",
                "ElementNumber": 1,
                "Idx": 2,
                "NuclearCharge": 1.0
            },
            {
                "BasisFunctions": [
                    {
                        "Coefficients": [
                            0.1543289707029839,
                            0.5353281424384732,
                            0.44463454202535485
                        ],
                        "Exponents": [
                            3.42525091,
                            0.62391373,
                            0.1688554
                        ],
                        "Shell": "s"
                    }
                ],
                "Coords": [
                    -1.9243592770584559,
                    1.729311950036227,
                    -1.6509620714895021
                ],
                "ElementLabel": "H",
                "ElementNumber": 1,
                "Idx": 3,
                "NuclearCharge": 1.0
            },
            {
                "BasisFunctions": [
                    {
                        "Coefficients": [
                            0.1543289707029839,
                            0.5353281424384732,
                            0.44463454202535485
                        ],
                        "Exponents": [
                            3.42525091,
                            0.62391373,
                            0.1688554
                        ],
                        "Shell": "s"
                    }
                ],
                "Coords": [
                    -4.620380227362108,
                    0.7761624150810955,
                    0.0
                ],
                "ElementLabel": "H",
                "ElementNumber": 1,
                "Idx": 4,
                "NuclearCharge": 1.0
            }
        ],
        "BaseName": "05_ch4_sto3g_uhf",
        "Charge": 0,
        "CoordinateUnits": "Bohrs",
        "H-Matrix": [
            [
                -19.739851946945386,
                -4.769437291856668,
                0.0,
                -1.9398623712781652e-09,
                7.0921179986048676e-09,
                -1.263136453595108,
                -1.2631364610843767,
                -1.2631364610843767,
                -1.2631364503671219
            ],
            [
                -4.769437291856668,
                -6.634896845353607,
                0.0,
                -1.9344038073749223e-08,
                7.195106026984848e-08,
                -2.942340117433505,
                -2.9423400984717447,
                -2.9423400984717447,
                -2.942340085949198
            ],
            [
                0.0,
                0.0,
                -5.5877113734328,
                0.0,
                0.0,
                0.0,
                -1.9541225236438877,
                1.9541225236438877,
                0.0
            ],
            [
                -1.9398623712781652e-09,
                -1.9344038073749223e-08,
                0.0,
                -5.587711316906975,
                4.4244273385139906e-08,
                -0.797739679608008,
                -0.7977808404560285,
                -0.7977808404560283,
                2.393301071754563
            ],
            [
                7.0921179986048676e-09,
                7.195106026984848e-08,
                0.0,
                4.4244273385139906e-08,
                -5.587711233857294,
                2.256435602581608,
                -1.1282025240752007,
                -1.1282025240752007,
                -2.9466403524652564e-05
            ],
            [
                -1.263136453595108,
                -2.942340117433505,
                0.0,
                -0.797739679608008,
                2.256435602581608,
                -4.272045201573839,
                -0.9835351816415867,
                -0.9835351816415867,
                -0.983534776156804
            ],
            [
                -1.2631364610843767,
                -2.9423400984717447,
                -1.9541225236438877,
                -0.7977808404560285,
                -1.1282025240752007,
                -0.9835351816415867,
                -4.272045144635735,
                -0.9835345119559267,
                -0.9835349522464367
            ],
            [
                -1.2631364610843767,
                -2.9423400984717447,
                1.9541225236438877,
                -0.7977808404560283,
                -1.1282025240752007,
                -0.9835351816415867,
                -0.9835345119559267,
                -4.272045144635735,
                -0.9835349522464367
            ],
            [
                -1.2631364503671219,
                -2.942340085949198,
                0.0,
                2.393301071754563,
                -2.9466403524652564e-05,
                -0.983534776156804,
                -0.9835349522464367,
                -0.9835349522464367,
                -4.272045140527386
            ]
        ],
        "HFTyp": "UHF",
        "MolecularOrbitals": {
            "EnergyUnit": "Eh",
            "MOs": [
                {
                    "MOCoefficients": [
                        0.9918640549202461,
                        0.03898113123786754,
                        -2.752112859590247e-16,
                        5.018753215689101e-10,
                        -1.8292849820396876e-09,
                        -0.007168334017390302,
                        -0.007168333592789914,
                        -0.007168333592790641,
                        -0.0071683335960679865
                    ],
                    "Occupancy": 1.0,
                    "OrbitalEnergy": -11.028637220522779
                },
                {
                    "MOCoefficients": [
                        0.22196305340595865,
                        -0.6240156278569938,
                        -1.3767626805393806e-16,
                        -1.1375760603902119e-08,
                        4.073771817882524e-08,
                        -0.1801768769985381,
                        -0.18017686725371462,
                        -0.18017686725371565,
                        -0.18017686745534445
                    ],
                    "Occupancy": 1.0,
                    "OrbitalEnergy": -0.9189075508632115
                },
                {
                    "MOCoefficients": [
                        1.157214080682076e-16,
                        -9.654685443526293e-16,
                        0.5736255090214584,
                        2.0374328955533907e-09,
                        8.462007341289994e-10,
                        -1.0731672810794965e-10,
                        0.423493111027435,
                        -0.4234931090778811,
                        -1.8422347928372723e-09
                    ],
                    "Occupancy": 1.0,
                    "OrbitalEnergy": -0.5256957976934433
                },
                {
                    "MOCoefficients": [
                        -1.2861200418632696e-08,
                        4.690758231166463e-08,
                        1.538715626360131e-09,
                        -0.5271523756328803,
                        0.22617828313180663,
                        -0.3516925044290545,
                        -0.06248005254260208,
                        -0.06248005481458813,
                        0.47665261733408687
                    ],
                    "Occupancy": 1.0,
                    "OrbitalEnergy": -0.5256957645156644
                },
                {
                    "MOCoefficients": [
                        1.6316605968589123e-08,
                        -5.818748003025157e-08,
                        1.5809954870208565e-09,
                        -0.22617830181334866,
                        -0.5271524221654078,
                        0.38122440417595255,
                        -0.29286425691461426,
                        -0.29286425924903425,
                        0.20450410644511305
                    ],
                    "Occupancy": 1.0,
                    "OrbitalEnergy": -0.5256956573188507
                },
                {
                    "MOCoefficients": [
                        2.2880110735682867e-07,
                        -1.4862130283623324e-06,
                        2.998095321139099e-09,
                        -0.4483747595131077,
                        -1.0215190516965655,
                        -0.7878015703194331,
                        0.6109614307871096,
                        0.6109614355274557,
                        -0.4341189341059937
                    ],
                    "Occupancy": 0.0,
                    "OrbitalEnergy": 0.7309171789384993
                },
                {
                    "MOCoefficients": [
                        1.9198581200838638e-07,
                        -1.2443421644710415e-06,
                        2.3077266709845824e-08,
                        1.0215192577923193,
                        -0.44837484660102545,
                        -0.7389829720058205,
                        -0.125045226967434,
                        -0.12504519047952573,
                        0.9890753720389756
                    ],
                    "Occupancy": 0.0,
                    "OrbitalEnergy": 0.7309173892992883
                },
                {
                    "MOCoefficients": [
                        7.341542328220346e-15,
                        -4.777135763353917e-14,
                        -1.1155903163751235,
                        1.9926312327763137e-08,
                        -1.2020431660315252e-08,
                        -1.740388269649523e-08,
                        0.8819406464351183,
                        -0.8819406483246514,
                        1.9293493415737387e-08
                    ],
                    "Occupancy": 0.0,
                    "OrbitalEnergy": 0.7309174550435008
                },
                {
                    "MOCoefficients": [
                        -0.25346408922621144,
                        1.6677999276976654,
                        -1.1953951453747781e-14,
                        4.0206365929163336e-07,
                        -1.3834126044491711e-06,
                        -0.6768094298732414,
                        -0.6768077274385115,
                        -0.6768077274385318,
                        -0.676807821751843
                    ],
                    "Occupancy": 0.0,
                    "OrbitalEnergy": 0.7810822764803155
                },
                {
                    "MOCoefficients": [
                        0.9918640549202461,
                        0.03898113123786754,
                        -2.752112859590247e-16,
                        5.018753215689101e-10,
                        -1.8292849820396876e-09,
                        -0.007168334017390302,
                        -0.007168333592789914,
                        -0.007168333592790641,
                        -0.0071683335960679865
                    ],
                    "Occupancy": 1.0,
                    "OrbitalEnergy": -11.028637220522779
                },
                {
                    "MOCoefficients": [
                        0.22196305340595865,
                        -0.6240156278569938,
                        -1.3767626805393806e-16,
                        -1.1375760603902119e-08,
                        4.073771817882524e-08,
                        -0.1801768769985381,
                        -0.18017686725371462,
                        -0.18017686725371565,
                        -0.18017686745534445
                    ],
                    "Occupancy": 1.0,
                    "OrbitalEnergy": -0.9189075508632115
                },
                {
                    "MOCoefficients": [
                        1.157214080682076e-16,
                        -9.654685443526293e-16,
                        0.5736255090214584,
                        2.0374328955533907e-09,
                        8.462007341289994e-10,
                        -1.0731672810794965e-10,
                        0.423493111027435,
                        -0.4234931090778811,
                        -1.8422347928372723e-09
                    ],
                    "Occupancy": 1.0,
                    "OrbitalEnergy": -0.5256957976934433
                },
                {
                    "MOCoefficients": [
                        -1.2861200418632696e-08,
                        4.690758231166463e-08,
                        1.538715626360131e-09,
                        -0.5271523756328803,
                        0.22617828313180663,
                        -0.3516925044290545,
                        -0.06248005254260208,
                        -0.06248005481458813,
                        0.47665261733408687
                    ],
                    "Occupancy": 1.0,
                    "OrbitalEnergy": -0.5256957645156644
                },
                {
                    "MOCoefficients": [
                        1.6316605968589123e-08,
                        -5.818748003025157e-08,
                        1.5809954870208565e-09,
                        -0.22617830181334866,
                        -0.5271524221654078,
                        0.38122440417595255,
                        -0.29286425691461426,
                        -0.29286425924903425,
                        0.20450410644511305
                    ],
                    "Occupancy": 1.0,
                    "OrbitalEnergy": -0.5256956573188507
                },
                {
                    "MOCoefficients": [
                        2.2880110735682867e-07,
                        -1.4862130283623324e-06,
                        2.998095321139099e-09,
                        -0.4483747595131077,
                        -1.0215190516965655,
                        -0.7878015703194331,
                        0.6109614307871096,
                        0.6109614355274557,
                        -0.4341189341059937
                    ],
                    "Occupancy": 0.0,
                    "OrbitalEnergy": 0.7309171789384993
                },
                {
                    "MOCoefficients": [
                        1.9198581200838638e-07,
                        -1.2443421644710415e-06,
                        2.3077266709845824e-08,
                        1.0215192577923193,
                        -0.44837484660102545,
                        -0.7389829720058205,
                        -0.125045226967434,
                        -0.12504519047952573,
                        0.9890753720389756
                    ],
                    "Occupancy": 0.0,
                    "OrbitalEnergy": 0.7309173892992883
                },
                {
                    "MOCoefficients": [
                        7.341542328220346e-15,
                        -4.777135763353917e-14,
                        -1.1155903163751235,
                        1.9926312327763137e-08,
                        -1.2020431660315252e-08,
                        -1.740388269649523e-08,
                        0.8819406464351183,
                        -0.8819406483246514,
                        1.9293493415737387e-08
                    ],
                    "Occupancy": 0.0,
                    "OrbitalEnergy": 0.7309174550435008
                },
                {
                    "MOCoefficients": [
                        -0.25346408922621144,
                        1.6677999276976654,
                        -1.1953951453747781e-14,
                        4.0206365929163336e-07,
                        -1.3834126044491711e-06,
                        -0.6768094298732414,
                        -0.6768077274385115,
                        -0.6768077274385318,
                        -0.676807821751843
                    ],
                    "Occupancy": 0.0,
                    "OrbitalEnergy": 0.7810822764803155
                }
            ],
            "OrbitalLabels": [
                "0C   1s",
                "0C   2s",
                "0C   1pz",
                "0C   1px",
                "0C   1py",
                "1H   1s",
                "2H   1s",
                "3H   1s",
                "4H   1s",
                "0C   1s",
                "0C   2s",
                "0C   1pz",
                "0C   1px",
                "0C   1py",
                "1H   1s",
                "2H   1s",
                "3H   1s",
                "4H   1s"
            ]
        },
        "Multiplicity": 1,
        "S-Matrix": [
            [
                1.0000000000000002,
                0.24836239031011145,
                0.0,
                -1.7253717496947094e-16,
                -1.8202452577880318e-17,
                0.06525275454191111,
                0.06525275498459034,
                0.06525275498459034,
                0.06525275442549346
            ],
            [
                0.24836239031011145,
                1.0,
                0.0,
                3.0179598031422867e-16,
                -7.821072526076528e-17,
                0.5023191131680057,
                0.502319114856166,
                0.502319114856166,
                0.5023191127240462
            ],
            [
                0.0,
                0.0,
                0.9999999999999999,
                0.0,
                0.0,
                0.0,
                0.3870583639357127,
                -0.3870583639357127,
                0.0
            ],
            [
                -1.7253717496947094e-16,
                3.0179598031422867e-16,
                0.0,
                0.9999999999999999,
                -2.923898109971835e-32,
                0.15801046470930255,
                0.15801862173956577,
                0.15801862173956577,
                -0.47404765735634513
            ],
            [
                -1.8202452577880318e-17,
                -7.821072526076528e-17,
                0.0,
                -2.923898109971835e-32,
                0.9999999999999999,
                -0.446938334407879,
                0.22346615119820057,
                0.22346615119820057,
                5.839203854152918e-06
            ],
            [
                0.06525275454191111,
                0.5023191131680057,
                0.0,
                0.15801046470930255,
                -0.446938334407879,
                1.0,
                0.17799620453809534,
                0.17799620453809534,
                0.17799611859151276
            ],
            [
                0.06525275498459034,
                0.502319114856166,
                0.3870583639357127,
                0.15801862173956577,
                0.22346615119820057,
                0.17799620453809534,
                1.0,
                0.17799606374336546,
                0.17799615738486435
            ],
            [
                0.06525275498459034,
                0.502319114856166,
                -0.3870583639357127,
                0.15801862173956577,
                0.22346615119820057,
                0.17799620453809534,
                0.17799606374336546,
                1.0,
                0.17799615738486435
            ],
            [
                0.06525275442549346,
                0.5023191127240462,
                0.0,
                -0.47404765735634513,
                5.839203854152918e-06,
                0.17799611859151276,
                0.17799615738486435,
                0.17799615738486435,
                1.0
            ]
        ],
        "T-Matrix": [
            [
                15.891121688446425,
                -0.08589001370498858,
                0.0,
                1.339397685808931e-16,
                3.782345544636897e-16,
                -0.00973701991525505,
                -0.009737019787955343,
                -0.009737019787955343,
                -0.009737019948732962
            ],
            [
                -0.08589001370498858,
                0.47224997337183816,
                0.0,
                1.6187808402067275e-16,
                -4.9877973233321626e-17,
                0.1135092643119368,
                0.11350926529518796,
                0.11350926529518796,
                0.1135092640533572
            ],
            [
                0.0,
                0.0,
                1.477728077807875,
                0.0,
                0.0,
                0.0,
                0.22341470381814732,
                -0.22341470381814732,
                0.0
            ],
            [
                1.339397685808931e-16,
                1.6187808402067275e-16,
                0.0,
                1.4777280778078754,
                -7.847275390846416e-33,
                0.09120552427943131,
                0.09121023303751835,
                0.09121023303751835,
                -0.27362595983397553
            ],
            [
                3.782345544636897e-16,
                -4.9877973233321626e-17,
                0.0,
                -7.847275390846416e-33,
                1.4777280778078754,
                -0.2579781357218332,
                0.12898732758457987,
                0.12898732758457987,
                3.3704580846841296e-06
            ],
            [
                -0.00973701991525505,
                0.1135092643119368,
                0.0,
                0.09120552427943131,
                -0.2579781357218332,
                0.7600318835666087,
                -0.004477748335424941,
                -0.004477748335424941,
                -0.004477759513728087
            ],
            [
                -0.009737019787955343,
                0.11350926529518796,
                0.22341470381814732,
                0.09121023303751835,
                0.12898732758457987,
                -0.004477748335424941,
                0.7600318835666087,
                -0.004477766647331441,
                -0.004477754468224993
            ],
            [
                -0.009737019787955343,
                0.11350926529518796,
                -0.22341470381814732,
                0.09121023303751835,
                0.12898732758457987,
                -0.004477748335424941,
                -0.004477766647331441,
                0.7600318835666087,
                -0.004477754468224993
            ],
            [
                -0.009737019948732962,
                0.1135092640533572,
                0.0,
                -0.27362595983397553,
                3.3704580846841296e-06,
                -0.004477759513728087,
                -0.004477754468224993,
                -0.004477754468224993,
                0.7600318835666087
            ]
        ]
    },
    "ORCA Header": {
        "Version": "5.0 - current"
    }
}
